[168, 14]
[168, 27]
[168, 75]
[168, 12]
[310, 12]
[375, 39]
[386, 22]
[386, 18]
[401, 56]
[424, 19]
[455, 14]
[598, 15]
[642, 17]
[642, 27]
[644, 17]
[761, 70]
[870, 25]
[870, 63]
[875, 114]
[895, 167]
[926, 20]
[981, 113]
[1221, 42]
[1221, 39]
[1240, 15]
[1264, 12]
[1269, 11]
[1373, 16]
[1407, 159]
[1407, 113]
[1408, 84]
[1488, 33]
[1488, 165]
[1488, 92]
[1530, 132]
[1555, 23]
[1555, 11]
[1606, 15]
[1606, 15]
[1654, 12]
[1654, 22]
[1654, 38]
[1784, 94]
[1900, 73]
[1900, 161]
[1900, 83]
[1903, 17]
[1985, 38]
[1995, 16]
[2032, 87]
[2043, 134]
[2043, 17]
[2135, 42]
[2135, 75]
[2213, 169]
[2353, 16]
[2353, 34]
[2528, 149]
[2599, 108]
[2624, 110]
[2624, 25]
[2640, 122]
[2640, 180]
[2699, 12]
[2836, 21]
[2914, 12]
[2952, 112]
[2952, 39]
[2952, 20]
[2971, 154]
[2975, 72]
[2975, 136]
[2975, 163]
[2975, 18]
[3051, 11]
[3056, 104]
[3057, 63]
[3057, 33]
[3123, 167]
[3401, 176]
[3456, 16]
[3456, 12]
[3456, 11]
[3462, 13]
[3512, 16]
[3513, 19]
[3538, 161]
[3549, 164]
[3549, 30]
[3651, 21]
[3690, 16]
[3751, 16]
[3751, 16]
[3751, 17]
[3755, 11]
[3852, 21]
[3859, 12]
[4009, 23]
[4302, 111]
[4320, 12]
[4452, 12]
[4635, 12]
[4635, 38]
[4729, 17]
[4729, 27]
[4792, 45]
[4792, 35]
[4792, 27]
[4877, 148]
[4877, 168]
[4877, 177]
[4911, 90]
[5022, 16]
[5079, 21]
[5079, 45]
[5114, 167]
[5114, 16]
[5124, 53]
[5179, 12]
[5311, 15]
[5331, 63]
[5411, 13]
[5426, 55]
[5484, 20]
[5488, 18]
[5488, 145]
[5517, 90]
[5555, 20]
[5633, 13]
[5648, 13]
[5697, 130]
[5833, 119]
[5877, 12]
[6533, 20]
[6533, 27]
[6599, 51]
[6627, 111]
[6898, 18]
[6907, 11]
[6907, 14]
[6928, 21]
[6938, 34]
[7002, 35]
[7030, 15]
[7091, 169]
[7147, 16]
[7300, 46]
[7300, 28]
[7300, 129]
[7300, 161]
[7450, 12]
[7493, 103]
[7544, 12]
[7544, 12]
[7644, 23]
[7644, 59]
[7644, 35]
[7816, 12]
[7833, 136]
[7833, 125]
[7921, 14]
[7925, 18]
[8033, 155]
[8033, 77]
[8033, 50]
[8033, 168]
[8125, 17]
[8336, 80]
[8361, 20]
[8420, 171]
[8420, 14]
[8421, 11]
[8425, 70]
[8533, 156]
[8533, 19]
[8679, 11]
[8702, 106]
[8702, 18]
[8847, 34]
[8911, 15]
[8911, 25]
[9008, 16]
[9041, 17]
[9077, 21]
[9129, 15]
[9151, 20]
[9248, 38]
[9410, 150]
[9431, 23]
[9649, 17]
[9649, 17]
[9690, 126]
[9695, 11]
[9695, 18]
[9725, 34]
[9742, 13]
[9754, 12]
[10007, 12]
[10121, 25]
[10121, 42]
[10121, 51]
[10121, 25]
[10275, 12]
[10315, 14]
[10342, 130]
[10342, 19]
[10342, 19]
[10587, 16]
[10756, 13]
[10777, 64]
[10777, 90]
[10777, 74]
[10777, 37]
[10818, 152]
[10824, 11]
[10902, 181]
[10914, 18]
[11016, 12]
[11016, 23]
[11048, 12]
[11170, 20]
[11199, 16]
[11437, 22]
[11441, 17]
[11502, 14]
[11520, 111]
[11719, 14]
[11719, 24]
[11847, 11]
[11847, 23]
[11917, 27]
[11919, 45]
[11953, 17]
[12000, 14]
[12031, 19]
[12098, 11]
[12122, 11]
[12122, 24]
[12148, 110]
[12148, 12]
[12148, 12]
[12180, 46]
[12245, 11]
[12245, 16]
[12245, 17]
[12245, 137]
[12245, 24]
[12256, 14]
[12265, 14]
[12267, 17]
[12421, 12]
[12421, 38]
[12437, 146]
[12558, 16]
[12736, 12]
[12755, 33]
[12755, 31]
[12755, 91]
[12806, 16]
[12806, 111]
[12809, 13]
[12856, 101]
[12858, 18]
[12950, 34]
[12950, 18]
[13226, 11]
[13245, 12]
[13358, 16]
[13404, 140]
[13583, 18]
[13729, 14]
[13842, 12]
[13920, 16]
[13932, 29]
[14292, 11]
[14477, 92]
[14480, 58]
[14807, 17]
[14881, 27]
[15167, 19]
[15187, 24]
[15222, 16]
[15291, 162]
[15333, 51]
[15354, 12]
[15412, 15]
[15412, 26]
[15412, 94]
[15412, 12]
[15412, 24]
[15582, 11]
[15725, 12]
[15725, 12]
[15979, 13]
[16118, 64]
[16140, 18]
[16236, 21]
[16317, 129]
[16340, 19]
[16340, 19]
[16345, 26]
[16433, 12]
[16434, 170]
[16561, 11]
[16597, 12]
[16606, 17]
[16606, 17]
[16658, 19]
[16742, 16]
[16742, 30]
[16742, 14]
[16742, 24]
[16810, 22]
[16810, 147]
[16810, 13]
[16870, 12]
[17040, 56]
[17057, 12]
[17103, 181]
[17183, 22]
[17188, 16]
[17234, 108]
[17234, 11]
[17271, 42]
[17271, 30]
[17271, 14]
[17271, 16]
[17271, 17]
[17271, 27]
[17380, 14]
[17387, 44]
[17452, 18]
[17452, 21]
[17479, 16]
[17561, 156]
[17568, 12]
[17592, 22]
[17746, 137]
[17980, 14]
[18036, 18]
[18120, 42]
[18196, 13]
[18200, 16]
[18200, 11]
[18245, 86]
[18444, 21]
[18444, 17]
[18444, 11]
[18444, 24]
[18444, 20]
[18460, 12]
[18642, 182]
[18655, 175]
[18655, 31]
[18662, 28]
[18662, 24]
[18662, 17]
[18677, 17]
[18718, 26]
[18776, 169]
[18829, 20]
[18908, 23]
[18925, 56]
[18944, 55]
[18951, 23]
[18976, 14]
[19117, 22]
[19257, 11]
[19357, 16]
[19367, 50]
[19375, 14]
[19375, 11]
[19378, 106]
[19381, 24]
[19381, 16]
[19381, 11]
[19431, 15]
[19716, 129]
[19765, 42]
[19946, 14]
[19997, 11]
[19997, 17]
[20014, 31]
[20014, 19]
[20035, 24]
[20035, 16]
[20170, 89]
[20190, 12]
[20275, 14]
[20316, 25]
[20342, 18]
[20439, 20]
[20439, 76]
[20533, 12]
[20533, 18]
[20542, 125]
[20692, 19]
[20692, 26]
[20692, 168]
[20692, 12]
[20820, 30]
[20895, 19]
[20958, 89]
[20975, 22]
[21022, 12]
[21041, 12]
[21086, 144]
[21208, 81]
[21208, 26]
[21208, 17]
[21459, 13]
[21486, 35]
[21528, 14]
[21538, 12]
[21572, 50]
[21572, 116]
[21581, 11]
[21583, 13]
[21583, 92]
[21583, 28]
[21583, 38]
[21741, 15]
[21741, 30]
[21760, 45]
[21802, 19]
[21930, 116]
[22126, 19]
[22126, 36]
[22126, 66]
[22126, 16]
[22126, 17]
[22126, 16]
[22126, 132]
[22126, 30]
[22154, 31]
[22176, 15]
[22216, 12]
[22216, 21]
[22276, 87]
[22303, 143]
[22409, 15]
[22444, 25]
[22612, 17]
[22634, 142]
[22634, 23]
[22671, 24]
[22671, 16]
[22794, 20]
[22794, 138]
[22815, 15]
[22893, 169]
[23182, 100]
[23249, 24]
[23249, 32]
[23249, 35]
[23249, 139]
[23249, 30]
[23249, 73]
[23281, 12]
[23405, 14]
[23466, 43]
[23482, 17]
[23509, 16]
[23531, 26]
[23564, 20]
[23564, 19]
[23614, 19]
[23614, 14]
[23614, 94]
[23782, 12]
[23949, 11]
[23949, 15]
[23997, 147]
[24001, 22]
[24136, 20]
[24136, 58]
[24176, 16]
[24310, 33]
[24366, 23]
[24448, 23]
[24484, 11]
[24538, 21]
[24568, 11]
[24579, 18]
[24628, 12]
[24628, 26]
[24628, 15]
[24698, 16]
[24698, 17]
[24698, 15]
[24699, 18]
[24699, 105]
[24754, 12]
[24784, 13]
[24794, 16]
[24794, 30]
[24971, 21]
[24991, 12]
[25109, 45]
[25134, 12]
[25134, 21]
[25134, 12]
[25134, 11]
[25134, 12]
[25134, 155]
[25190, 11]
[25230, 103]
[25235, 46]
[25235, 32]
[25243, 74]
[25243, 144]
[25286, 29]
[25336, 21]
[25400, 12]
[25415, 21]
[25418, 21]
[25418, 179]
[25552, 128]
[25686, 12]
[25700, 17]
[25762, 11]
[25762, 12]
[25762, 25]
[25762, 32]
[25762, 23]
[25793, 76]
[25805, 27]
[25858, 11]
[25863, 41]
[26087, 16]
[26189, 45]
[26189, 102]
[26190, 33]
[26190, 63]
[26190, 157]
[26190, 33]
[26190, 45]
[26191, 55]
[26206, 17]
[26276, 24]
[26276, 16]
[26318, 12]
[26439, 11]
[26453, 172]
[26527, 13]
[26527, 25]
[26724, 39]
[26776, 17]
[26776, 20]
[26848, 20]
[26857, 15]
[27063, 12]
[27077, 50]
[27098, 168]
[27247, 150]
[27313, 16]
[27328, 21]
[27328, 21]
[27357, 182]
[27413, 98]
[27413, 17]
[27533, 15]
[27564, 23]
[27605, 57]
[27605, 12]
[27685, 17]
[27955, 24]
[27961, 15]
[28036, 13]
[28075, 119]
[28103, 18]
[28179, 32]
[28316, 12]
[28363, 14]
[28621, 30]
[28621, 12]
[28714, 15]
[28832, 11]
[28872, 15]
[29086, 15]
[29205, 14]
[29220, 56]
[29220, 20]
[29236, 12]
[29388, 15]
[29390, 11]
[29522, 15]
[29551, 12]
[29585, 25]
[29585, 29]
[29586, 11]
[29586, 16]
[29600, 13]
[29600, 17]
[29600, 15]
[29606, 17]
[29647, 38]
[29678, 29]
[29678, 97]
[29685, 13]
[29685, 25]
[29812, 11]
[29851, 14]
[29959, 16]
[30024, 181]
[30168, 162]
[30307, 15]
[30383, 12]
[30383, 12]
[30383, 12]
[30532, 51]
[30592, 15]
[30592, 17]
[30639, 33]
[30694, 11]
[30694, 12]
[30741, 11]
[30897, 12]
[30992, 153]
[31065, 15]
[31107, 178]
[31251, 29]
[31371, 60]
[31396, 34]
[31396, 11]
[31417, 20]
[31458, 14]
[31458, 24]
[31505, 29]
[31640, 11]
[31640, 23]
[31640, 96]
[31686, 11]
[31780, 14]
[31780, 73]
[31780, 27]
[31951, 34]
[31951, 51]
[31951, 24]
[31974, 13]
[31974, 16]
[31974, 29]
[32047, 19]
[32161, 18]
[32204, 12]
[32253, 123]
[32265, 12]
[32379, 24]
[32458, 11]
[32458, 12]
[32565, 15]
[32574, 15]
[32591, 51]
[32602, 96]
[32721, 39]
[32721, 36]
[32721, 13]
[32737, 13]
[32885, 12]
[32911, 127]
[32941, 23]
[33060, 19]
[33222, 16]
[33222, 12]
[33292, 12]
[33292, 24]
[33331, 61]
[33331, 55]
[33475, 14]
[33486, 24]
[33532, 156]
[33532, 167]
[33564, 19]
[33634, 17]
[33640, 14]
[33640, 11]
[33836, 135]
[33836, 139]
[33970, 13]
[33986, 167]
[34033, 11]
[34053, 12]
[34053, 11]
[34137, 14]
[34155, 12]
[34155, 11]
[34155, 12]
[34208, 171]
[34385, 35]
[34393, 15]
[34408, 19]
[34408, 13]
[34431, 29]
[34502, 42]
[34502, 75]
[34550, 27]
[34550, 17]
[34550, 71]
[34550, 173]
[34550, 20]
[34550, 12]
[34624, 24]
[34624, 16]
[34642, 34]
[34661, 15]
[34661, 16]
[34739, 20]
[34739, 182]
[34898, 12]
[34898, 172]
[34983, 33]
[35010, 45]
[35010, 132]
[35010, 60]
[35020, 18]
[35149, 16]
[35149, 48]
[35149, 30]
[35203, 45]
[35288, 152]
[35288, 171]
[35400, 12]
[35410, 25]
[35410, 17]
[35561, 35]
[35566, 152]
[35573, 83]
[35579, 17]
[35579, 11]
[35681, 41]
[35696, 14]
[35771, 69]
[35789, 14]
[35789, 22]
[35864, 12]
[35915, 19]
[35945, 14]
[35976, 181]
[36000, 30]
[36019, 24]
[36053, 38]
[36064, 12]
[36065, 31]
[36076, 11]
[36097, 14]
[36118, 19]
[36174, 36]
[36174, 151]
[36174, 20]
[36222, 18]
[36318, 17]
[36342, 17]
[36342, 12]
[36359, 123]
[36440, 18]
[36440, 32]
[36440, 14]
[36440, 13]
[36440, 13]
[36448, 12]
[36578, 50]
[36585, 71]
[36585, 81]
[36599, 20]
[36599, 66]
[36622, 160]
[36635, 20]
[36740, 23]
[36788, 147]
[37080, 23]
[37109, 113]
[37109, 11]
[37109, 123]
[37109, 16]
[37109, 12]
[37160, 175]
[37160, 14]
[37160, 16]
[37160, 17]
[37160, 24]
[37214, 15]
[37234, 21]
[37234, 70]
[37234, 143]
[37234, 16]
[37234, 17]
[37234, 11]
[37265, 133]
[37265, 165]
[37303, 11]
[37307, 169]
[37372, 13]
[37414, 12]
[37414, 17]
[37483, 18]
[37523, 16]
[37523, 30]
[37523, 68]
[37523, 19]
[37523, 13]
[37529, 151]
[37582, 17]
[37582, 22]
[37582, 15]
[37619, 164]
[37619, 142]
[37619, 140]
[37619, 125]
[37619, 174]
[37666, 107]
[37666, 12]
[37766, 146]
[37766, 68]
[37823, 35]
[37935, 154]
[38018, 117]
[38101, 17]
[38101, 11]
[38241, 34]
[38307, 17]
[38307, 94]
[38307, 12]
[38393, 12]
[38393, 19]
[38412, 15]
[38443, 15]
[38443, 12]
[38459, 17]
[38496, 12]
[38580, 16]
[38610, 164]
[38612, 39]
[38630, 18]
[38794, 46]
[38794, 44]
[38799, 31]
[39005, 12]
[39005, 45]
[39005, 17]
[39010, 14]
[39011, 11]
[39020, 12]
[39053, 16]
[39129, 29]
[39427, 40]
[39462, 12]
[39462, 17]
[39462, 11]
[39462, 17]
[39471, 25]
[39471, 28]
[39624, 12]
[39751, 155]
[40010, 11]
[40023, 20]
[40056, 65]
[40060, 12]
[40080, 119]
[40086, 174]
[40354, 12]
[40474, 124]
[40474, 38]
[40660, 17]
[40664, 20]
[40664, 119]
[40687, 18]
[40706, 69]
[40706, 56]
[40846, 139]
[40887, 38]
[40887, 171]
[40945, 18]
[40992, 17]
[41074, 11]
[41074, 11]
[41149, 15]
[41167, 64]
[41379, 55]
[41379, 138]
[41379, 12]
[41427, 174]
[41504, 46]
[41504, 98]
[41602, 176]
[41602, 112]
[41608, 52]
[41608, 148]
[41608, 17]
[41654, 11]
[42075, 11]
[42105, 33]
[42143, 138]
[42143, 164]
[42268, 25]
[42268, 180]
[42332, 17]
[42337, 12]
[42421, 38]
[42446, 12]
[42446, 18]
[42484, 15]
[42507, 16]
[42552, 14]
[42552, 19]
[42552, 11]
[42552, 11]
[42574, 25]
[42724, 32]
[42830, 12]
[42892, 127]
[43010, 129]
[43061, 18]
[43156, 16]
[43166, 120]
[43167, 133]
[43671, 85]
[43671, 21]
[43811, 17]
[43844, 13]
[44024, 146]
[44024, 25]
[44058, 25]
[44065, 143]
[44065, 99]
[44186, 16]
[44218, 13]
[44277, 30]
[44277, 16]
[44337, 145]
[44490, 17]
[44490, 27]
[44686, 16]
[44687, 147]
[44687, 48]
[44733, 22]
[44733, 109]
[44823, 15]
[44898, 17]
[44900, 14]
[44900, 23]
[44900, 20]
[44919, 169]
[44926, 13]
[44934, 13]
[44992, 19]
[45018, 172]
[45074, 28]
[45120, 23]
[45138, 12]
[45192, 14]
[45208, 160]
[45355, 169]
[45394, 31]
[45398, 18]
[45651, 19]
[45748, 45]
[45762, 17]
[45762, 11]
[45884, 56]
[45884, 12]
[45884, 18]
[45992, 153]
[46123, 18]
[46123, 13]
[46123, 32]
[46123, 28]
[46227, 28]
[46309, 91]
[46315, 12]
[46647, 12]
[46660, 12]
[46714, 73]
[46731, 47]
[46770, 12]
[46808, 159]
[46880, 12]
[46880, 145]
[46912, 14]
[46920, 46]
[46968, 59]
[46975, 20]
[46975, 180]
[46975, 173]
[46996, 12]
[47200, 16]
[47200, 23]
[47200, 12]
[47285, 27]
[47419, 95]
[47419, 160]
[47419, 164]
[47419, 139]
[47529, 17]
[47529, 15]
[47634, 11]
[47634, 23]
[47696, 14]
[47821, 15]
[47826, 71]
[47936, 15]
[47944, 34]
[48104, 11]
[48340, 134]
[48441, 15]
[48559, 14]
[48620, 14]
[48626, 13]
[48668, 169]
[48668, 143]
[48739, 12]
[48739, 18]
[48782, 16]
[48782, 36]
[48811, 97]
[48811, 17]
[48935, 15]
[49083, 11]
[49162, 14]
[49201, 12]
[49371, 11]
[49380, 21]
[49501, 12]
[49526, 179]
[49537, 20]
[49748, 30]
[49802, 167]
[49859, 29]
[50069, 13]
[50069, 170]
[50069, 23]
[50322, 55]
[50324, 125]
[50324, 45]
[50324, 25]
[50404, 83]
[50587, 65]
[50754, 29]
[50754, 36]
[50819, 39]
[50819, 81]
[50947, 58]
[51190, 93]
[51644, 124]
[51855, 124]
[51855, 15]
[51897, 11]
[51899, 52]
[52092, 14]
[52138, 69]
[52185, 16]
[52185, 150]
[52185, 30]
[52276, 12]
[52276, 18]
[52286, 43]
[52387, 108]
[52387, 29]
[52387, 28]
[52387, 70]
[52387, 70]
[52390, 14]
[52390, 25]
[52432, 41]
[52474, 12]
[52489, 100]
[52644, 126]
[52644, 18]
[52644, 13]
[52670, 11]
[52702, 130]
[52723, 53]
[52784, 134]
[52840, 12]
[52845, 11]
[52909, 163]
[53078, 14]
[53274, 135]
[53274, 98]
[53274, 11]
[53274, 17]
[53408, 15]
[53648, 105]
[53648, 79]
[53648, 94]
[53675, 12]
[53675, 30]
[53726, 50]
[53839, 62]
[54053, 11]
[54127, 13]
[54306, 153]
[54306, 15]
[54306, 26]
[54306, 180]
[54449, 58]
[54525, 11]
[54540, 12]
[54567, 86]
[54579, 14]
[54579, 124]
[54807, 18]
[54848, 53]
[54931, 70]
[54995, 35]
[54995, 152]
[55047, 117]
[55117, 98]
[55117, 31]
[55140, 12]
[55140, 43]
[55247, 11]
[55357, 132]
[55500, 108]
[55527, 20]
[55879, 29]
[56027, 15]
[56225, 12]
[56302, 11]
[56309, 21]
[56324, 17]
[56333, 16]
[56461, 91]
[56649, 21]
[56886, 13]
[56898, 11]
[56911, 85]
[56911, 21]
[56968, 168]
[56968, 17]
[56983, 26]
[57093, 109]
[57404, 39]
[57404, 25]
[57404, 71]
[57404, 13]
[57429, 12]
[57430, 70]
[57491, 19]
[57491, 23]
[57591, 35]
[57598, 117]
[57675, 14]
[57686, 41]
[57704, 25]
[57717, 17]
[57779, 27]
[57814, 174]
[57910, 44]
[57910, 56]
[57910, 146]
[58059, 16]
[58075, 15]
[58075, 156]
[58092, 73]
[58103, 144]
[58149, 155]
[58194, 21]
[58208, 14]
[58209, 41]
[58240, 12]
[58278, 46]
[58286, 16]
[58343, 19]
[58343, 36]
[58412, 12]
[58412, 11]
[58412, 12]
[58448, 18]
[58448, 124]
[58448, 73]
[58488, 114]
[58562, 92]
[58599, 45]
[58618, 18]
[58783, 13]
[58801, 19]
[58820, 16]
[58916, 14]
[59169, 108]
[59212, 107]
[59575, 27]
[59575, 111]
[59575, 103]
[59645, 11]
[59754, 58]
[59754, 15]
[59784, 17]
[59938, 16]
[59938, 17]
[59938, 14]
[59961, 20]
[59971, 11]
[59971, 17]
[59975, 20]
[60022, 12]
[60036, 151]
[60036, 80]
[60144, 32]
[60202, 14]
[60202, 11]
[60202, 18]
[60202, 34]
[60249, 150]
[60392, 12]
[60504, 16]
[60504, 30]
[60529, 17]
[60642, 11]
[60683, 22]
[60683, 50]
[60759, 19]
[60826, 18]
[60831, 16]
[60831, 30]
[60853, 62]
[60878, 51]
[60881, 107]
[61012, 15]
[61026, 19]
[61065, 14]
[61070, 157]
[61108, 15]
[61123, 18]
[61123, 34]
[61123, 30]
[61123, 180]
[61190, 68]
[61323, 14]
[61939, 12]
[61939, 21]
[61979, 17]
[62058, 17]
[62058, 11]
[62121, 56]
[62152, 121]
[62243, 13]
[62263, 33]
[62300, 20]
[62300, 77]
[62300, 11]
[62432, 163]
[62432, 24]
[62721, 169]
[62806, 51]
[62806, 18]
[63073, 93]
[63154, 37]
[63327, 73]
[63370, 23]
[63433, 14]
[63433, 34]
[63454, 11]
[63533, 13]
[63888, 51]
[63888, 13]
[64012, 11]
[64100, 175]
[64153, 19]
[64473, 73]
[64579, 61]
[64607, 11]
[64722, 12]
[64901, 16]
[64980, 20]
[65007, 125]
[65152, 93]
[65193, 21]
[65265, 169]
[65307, 15]
[65387, 27]
[65685, 80]
[65685, 137]
[65749, 32]
[65779, 12]
[65876, 29]
[65932, 12]
[65932, 21]
[65978, 85]
[66006, 166]
[66014, 11]
[66024, 12]
[66061, 12]
[66088, 21]
[66088, 17]
[66088, 53]
[66088, 19]
[66099, 19]
[66126, 15]
[66203, 14]
[66266, 39]
[66358, 17]
[66387, 18]
[66391, 15]
[66478, 11]
[66487, 19]
[66544, 13]
[66557, 12]
[66663, 21]
[66720, 114]
[66775, 14]
[66805, 34]
[66805, 14]
[66836, 152]
[66836, 61]
[67088, 108]
[67262, 22]
[67265, 75]
[67275, 49]
[67533, 11]
[67753, 51]
[67841, 109]
[67886, 171]
[68017, 18]
[68017, 91]
[68075, 11]
[68126, 11]
[68126, 23]
[68196, 33]
[68251, 15]
[68355, 16]
[68484, 142]
[68612, 88]
[68613, 11]
[68613, 36]
[68621, 17]
[68682, 31]
[68682, 98]
[68682, 75]
[68685, 11]
[68692, 21]
[68999, 17]
[69087, 170]
[69087, 163]
[69087, 17]
[69087, 48]
[69259, 39]
[69320, 12]
[69320, 12]
[69335, 11]
[69381, 87]
[69398, 15]
[69429, 15]
[69429, 12]
[69627, 17]
[69627, 146]
[69627, 136]
[69627, 97]
[69627, 19]
[69627, 34]
[69627, 19]
[69627, 34]
[69688, 19]
[69754, 130]
[69754, 17]
[69819, 89]
[69976, 18]
[69976, 34]
[70068, 13]
[70125, 45]
[70137, 16]
[70137, 30]
[70207, 12]
[70238, 14]
[70301, 149]
[70301, 71]
[70363, 158]
[70401, 125]
[70401, 159]
[70401, 15]
[70527, 11]
[70571, 12]
[70754, 12]
[70813, 94]
[70836, 15]
[70907, 16]
[70939, 11]
[70948, 21]
[71083, 18]
[71187, 20]
[71257, 11]
[71322, 116]
[71322, 13]
[71405, 30]
[71425, 179]
[71428, 167]
[71564, 12]
[71564, 21]
[71769, 133]
[71947, 22]
[71972, 12]
[71976, 15]
[71982, 18]
[72073, 11]
[72095, 12]
[72095, 38]
[72148, 124]
[72182, 161]
[72182, 130]
[72247, 155]
[72274, 12]
[72274, 51]
[72274, 12]
[72279, 101]
[72279, 31]
[72397, 128]
[72512, 20]
[72512, 161]
[72781, 40]
[72965, 20]
[72971, 163]
[72972, 21]
[73013, 173]
[73054, 15]
[73215, 15]
[73275, 14]
[73429, 16]
[73429, 30]
[73469, 33]
[73469, 27]
[73480, 144]
[73586, 150]
[73601, 143]
[73601, 100]
[73601, 128]
[73602, 24]
[73660, 28]
[73676, 16]
[73676, 11]
[73735, 15]
[74054, 51]
[74078, 14]
[74083, 19]
[74133, 15]
[74133, 89]
[74245, 16]
[74245, 117]
[74305, 90]
[74305, 136]
[74410, 34]
[74410, 14]
[74410, 107]
[74437, 16]
[74853, 83]
[74853, 174]
[74857, 15]
[74857, 16]
[74857, 18]
[74912, 177]
[74960, 11]
[75028, 16]
[75214, 130]
[75323, 150]
[75403, 126]
[75482, 153]
[75482, 162]
[75482, 70]
[75495, 104]
[75495, 18]
[75558, 11]
[75609, 20]
[75650, 106]
[75742, 34]
[75776, 34]
[75776, 30]
[75776, 14]
[75866, 167]
[75956, 11]
[76026, 36]
[76026, 155]
[76026, 17]
[76026, 26]
[76077, 14]
[76122, 117]
[76245, 16]
[76292, 16]
[76587, 74]
[76681, 11]
[76804, 14]
[77046, 32]
[77046, 104]
[77046, 94]
[77046, 22]
[77046, 22]
[77046, 12]
[77046, 156]
[77065, 11]
[77070, 20]
[77077, 12]
[77398, 20]
[77414, 31]
[77414, 18]
[77414, 21]
[77414, 132]
[77414, 39]
[77415, 65]
[77421, 13]
[77506, 18]
[77643, 17]
[77644, 67]
[77644, 136]
[77644, 92]
[77644, 87]
[77794, 16]
[77934, 16]
[78025, 103]
[78028, 40]
[78117, 23]
[78225, 51]
[78258, 160]
[78258, 16]
[78262, 136]
[78280, 19]
[78502, 31]
[78763, 13]
[78823, 124]
[78858, 13]
[78953, 102]
[78953, 60]
[79035, 12]
[79054, 30]
[79066, 31]
[79069, 16]
[79069, 27]
[79069, 122]
[79076, 21]
[79078, 120]
[79078, 182]
[79108, 119]
[79108, 21]
[79108, 80]
[79285, 124]
[79285, 11]
[79292, 15]
[79293, 73]
[79301, 12]
[79301, 16]
[79301, 17]
[79355, 17]
[79501, 142]
[79568, 48]
[79645, 16]
[79844, 44]
[80006, 45]
[80343, 112]
[80441, 12]
[80441, 19]
[80561, 120]
[80663, 46]
[80765, 82]
[81182, 66]
[81201, 178]
[81282, 12]
[81282, 21]
[81364, 144]
[81541, 135]
[81558, 70]
[81558, 22]
[81564, 12]
[81597, 125]
[81597, 15]
[81643, 12]
[81850, 12]
[81850, 128]
[81892, 18]
[82010, 11]
[82010, 25]
[82246, 144]
[82274, 165]
[82356, 18]
[82387, 21]
[82398, 154]
[82398, 12]
[82398, 142]
[82398, 87]
[82398, 55]
[82430, 39]
[82461, 12]
[82487, 62]
[82487, 22]
[82549, 135]
[82571, 11]
[82600, 12]
[82620, 115]
[82620, 104]
[82663, 11]
[82836, 18]
[82836, 12]
[82992, 39]
[83031, 161]
[83047, 25]
[83110, 89]
[83121, 13]
[83121, 15]
[83210, 85]
[83339, 12]
[83339, 22]
[83444, 157]
[83554, 35]
[83590, 78]
[83590, 125]
[83650, 105]
[83650, 160]
[83650, 101]
[83762, 15]
[83762, 166]
[83821, 12]
[83950, 176]
[83973, 84]
[84122, 17]
[84185, 113]
[84212, 21]
[84224, 11]
[84351, 12]
[84486, 12]
[84538, 94]
[84557, 155]
[84559, 24]
[84567, 23]
[84610, 17]
[84624, 19]
[84873, 12]
[84875, 16]
[84875, 111]
[84875, 146]
[84875, 116]
[84875, 17]
[85243, 12]
[85325, 25]
[85415, 66]
[85859, 11]
[85859, 11]
[85859, 17]
[85901, 26]
[86026, 11]
[86026, 14]
[86125, 158]
[86125, 92]
[86147, 118]
[86353, 105]
[86353, 14]
[86353, 18]
[86388, 15]
[86388, 20]
[86388, 22]
[86412, 25]
[86435, 17]
[86469, 12]
[86555, 22]
[86555, 11]
[86638, 115]
[86681, 158]
[86681, 19]
[86681, 11]
[86689, 14]
[86977, 12]
[87092, 30]
[87128, 35]
[87323, 42]
[87393, 97]
[87395, 14]
[87395, 94]
[87395, 11]
[87411, 11]
[87498, 27]
[87603, 98]
[87643, 12]
[87643, 11]
[87756, 133]
[87782, 157]
[87919, 16]
[87919, 23]
[88029, 36]
[88040, 14]
[88239, 13]
[88239, 12]
[88247, 13]
[88269, 14]
[88352, 12]
[88457, 19]
[88458, 12]
[88458, 40]
[88458, 133]
[88458, 153]
[88487, 67]
[88497, 17]
[88553, 119]
[88724, 95]
[88789, 16]
[88789, 93]
[88811, 19]
[88856, 24]
[88856, 116]
[88956, 23]
[89087, 122]
[89333, 12]
[89556, 51]
[89632, 14]
[89632, 28]
[89632, 179]
[89633, 126]
[89633, 152]
[89671, 33]
[89932, 14]
[89932, 20]
[89932, 175]
[89932, 11]
[90035, 40]
[90170, 112]
[90174, 15]
[90348, 15]
[90488, 16]
[90585, 124]
[90605, 20]
[90818, 17]
[90856, 69]
[90856, 163]
[90856, 20]
[90951, 15]
[91060, 45]
[91151, 43]
[91151, 12]
[91154, 180]
[91154, 106]
[91219, 11]
[91285, 13]
[91340, 12]
[91340, 17]
[91408, 19]
[91432, 91]
[91449, 12]
[91456, 91]
[91459, 144]
[91666, 75]
[91681, 44]
[91681, 131]
[91700, 14]
[91811, 109]
[92007, 154]
[92107, 37]
[92131, 11]
[92280, 11]
[92297, 51]
[92343, 17]
[92343, 82]
[92343, 14]
[92429, 123]
[92465, 40]
[92465, 72]
[92474, 53]
[92489, 16]
[92594, 12]
[92594, 13]
[92902, 62]
[92935, 14]
[92935, 24]
[92935, 12]
[92959, 17]
[92959, 73]
[92972, 17]
[92996, 12]
[93074, 11]
[93100, 12]
[93125, 173]
[93179, 127]
[93262, 12]
[93469, 38]
[93469, 22]
[93469, 38]
[93669, 129]
[93816, 24]
[93950, 18]
[94003, 12]
[94003, 174]
[94023, 167]
[94065, 14]
[94193, 160]
[94193, 86]
[94267, 99]
[94346, 116]
[94346, 87]
[94346, 14]
[94346, 24]
[94375, 114]
[94375, 102]
[94375, 21]
[94375, 16]
[94375, 15]
[94375, 13]
[94506, 93]
[94678, 19]
[94710, 14]
[94710, 24]
[94710, 16]
[94710, 30]
[94710, 17]
[94715, 76]
[94726, 21]
[94726, 46]
[94726, 21]
[94732, 139]
[94732, 161]
[94748, 29]
[94851, 12]
[94972, 170]
[94972, 85]
[94997, 112]
[95000, 19]
[95012, 181]
[95158, 156]
[95426, 181]
[95507, 17]
[95507, 11]
[95561, 17]
[95575, 68]
[95637, 102]
[95637, 34]
[95651, 15]
[95674, 17]
[95746, 112]
[95969, 167]
[96019, 14]
[96071, 21]
[96101, 166]
[96113, 38]
[96125, 141]
[96155, 127]
[96399, 16]
[96430, 17]
[96492, 23]
[96502, 15]
[96560, 93]
[96671, 13]
[96717, 16]
[96717, 18]
[96772, 12]
[96772, 21]
[96974, 139]
[97037, 12]
[97037, 11]
[97037, 19]
[97037, 30]
[97087, 16]
[97088, 18]
[97170, 85]
[97229, 22]
[97229, 36]
[97229, 116]
[97229, 166]
[97280, 12]
[97280, 12]
[97350, 137]
[97399, 44]
[97504, 11]
[97508, 75]
[97586, 12]
[97586, 16]
[97593, 16]
[97684, 163]
[97684, 120]
[97684, 148]
[97684, 159]
[97684, 155]
[97708, 171]
[97708, 12]
[97752, 16]
[97752, 169]
[97762, 15]
[97776, 165]
[97899, 12]
[97963, 20]
[97973, 160]
[97996, 19]
[98113, 14]
[98194, 12]
[98194, 22]
[98358, 18]
[98484, 176]
[98507, 58]
[98507, 39]
[98507, 41]
[98565, 164]
[98621, 162]
[98751, 25]
[98763, 19]
[98763, 13]
[98808, 23]
[98875, 24]
[98921, 20]
[98925, 117]
[98983, 21]
[98993, 99]
[98993, 20]
[98993, 40]
[98993, 27]
[98993, 42]
[98993, 33]
[98993, 71]
[98993, 94]
[98993, 175]
[98993, 155]
[98993, 66]
[98993, 168]
[98993, 31]
[98993, 19]
[98993, 32]
[98993, 45]
[98999, 120]
[99004, 21]
[99109, 12]
[99162, 12]
[99186, 21]
[99252, 17]
[99252, 20]
[99697, 16]
[99719, 60]
[99875, 70]
[99938, 129]
[99938, 18]
[99969, 69]
[99969, 119]
[99969, 90]
[100105, 179]
[100158, 178]
[100162, 127]
[100303, 12]
[100502, 12]
[100641, 16]
[100697, 12]
[100753, 47]
[100867, 30]
[100872, 143]
[100877, 11]
[100877, 129]
[101148, 13]
[101166, 42]
[101170, 176]
[101183, 103]
[101325, 18]
[101576, 38]
[101576, 11]
[101631, 22]
[101697, 106]
[101996, 22]
[102065, 115]
[102119, 67]
[102173, 22]
[102344, 134]
[102412, 25]
[102412, 27]
[102476, 169]
[102539, 69]
[102624, 19]
[102672, 14]
[102694, 17]
[102885, 84]
[102945, 27]
[102948, 22]
[102951, 22]
[102951, 159]
[103066, 12]
[103066, 24]
[103233, 28]
[103233, 17]
[103260, 21]
[103275, 18]
[103349, 15]
[103776, 157]
[103783, 23]
[103795, 13]
[104028, 62]
[104122, 15]
[104128, 88]
[104128, 12]
[104129, 169]
[104129, 27]
[104180, 11]
[104299, 18]
[104366, 14]
[104453, 12]
[104453, 101]
[104453, 46]
[104454, 104]
[104454, 64]
[104454, 15]
[104532, 11]
[104587, 72]
[104587, 129]
[104729, 108]
[104729, 89]
[104729, 122]
[104908, 12]
[104921, 22]
[105016, 17]
[105047, 51]
[105237, 11]
[105345, 14]
[105512, 12]
[105628, 13]
[105638, 64]
[105638, 21]
[105638, 21]
[105721, 11]
[105761, 48]
[105809, 17]
[105875, 22]
[105880, 37]
[105974, 14]
[106168, 13]
[106205, 17]
[106479, 18]
[106520, 33]
[106520, 14]
[106548, 138]
[106563, 25]
[106814, 13]
[106998, 11]
[107098, 78]
[107135, 18]
[107135, 12]
[107232, 11]
[107240, 19]
[107242, 12]
[107242, 99]
[107264, 12]
[107305, 17]
[107354, 15]
[107419, 19]
[107623, 25]
[107738, 19]
[107738, 169]
[107876, 44]
[107992, 13]
[108075, 114]
[108153, 33]
[108153, 11]
[108201, 16]
[108418, 102]
[108418, 32]
[108674, 13]
[108889, 24]
[109027, 16]
[109061, 14]
[109145, 15]
[109259, 16]
[109305, 160]
[109497, 15]
[109656, 12]
[109845, 18]
[109886, 16]
[109886, 13]
[109891, 11]
[109904, 12]
[109929, 36]
[109939, 28]
[109942, 165]
[110001, 12]
[110001, 14]
[110003, 71]
[110003, 32]
[110117, 145]
[110127, 35]
[110153, 38]
[110166, 16]
[110166, 175]
[110166, 11]
[110234, 17]
[110463, 17]
[110464, 159]
[110589, 179]
[110787, 78]
[110912, 17]
[111111, 13]
[111208, 11]
[111208, 22]
[111243, 11]
[111243, 19]
[111243, 42]
[111333, 25]
[111407, 24]
[111487, 60]
[111514, 17]
[111523, 12]
[111530, 16]
[111530, 30]
[112087, 12]
[112087, 23]
[112127, 18]
[112270, 38]
[112402, 62]
[112402, 17]
[112402, 12]
[112402, 18]
[112449, 16]
[112466, 139]
[112656, 97]
[112690, 21]
[112751, 12]
[112901, 68]
[113076, 122]
[113076, 17]
[113076, 165]
[113275, 18]
[113359, 134]
[113368, 125]
[113423, 178]
[113474, 68]
[113509, 15]
[113564, 18]
[113708, 49]
[113775, 12]
[114023, 20]
[114041, 139]
[114112, 14]
[114210, 16]
[114210, 30]
[114210, 15]
[114230, 30]
[114247, 11]
[114253, 73]
[114303, 12]
[114311, 17]
[114339, 20]
[114356, 11]
[114363, 16]
[114445, 14]
[114497, 17]
[114503, 11]
[114550, 37]
[114595, 20]
[114601, 71]
[114601, 123]
[114732, 17]
[114732, 34]
[114732, 122]
[114783, 110]
[114786, 20]
[114849, 92]
[114852, 155]
[114953, 21]
[114953, 22]
[115015, 19]
[115033, 49]
[115033, 17]
[115033, 168]
[115063, 169]
[115135, 17]
[115356, 19]
[115356, 141]
[115356, 19]
[115356, 126]
[115356, 145]
[115426, 24]
[115457, 159]
[115562, 49]
[115692, 17]
[115769, 96]
[115899, 70]
[115927, 21]
[115927, 27]
[115927, 13]
[115927, 18]
[115927, 17]
[116075, 62]
[116095, 16]
[116095, 11]
[116096, 137]
[116096, 140]
[116228, 180]
[116276, 18]
[116276, 139]
[116404, 15]
[116661, 12]
[116732, 124]
[116780, 14]
[116865, 40]
[116990, 172]
[117032, 12]
[117085, 127]
[117085, 11]
[117085, 23]
[117134, 145]
[117138, 11]
[117297, 18]
[117350, 30]
[117431, 11]
[117502, 19]
[117515, 170]
[117542, 128]
[117651, 166]
[117676, 13]
[117716, 117]
[117780, 16]
[117922, 169]
[117922, 11]
[117922, 24]
[117932, 15]
[118003, 36]
[118244, 45]
[118244, 105]
[118291, 16]
[118400, 14]
[118408, 79]
[118492, 122]
[118492, 84]
[118536, 160]
[118715, 20]
[118993, 17]
[119136, 22]
[119203, 12]
[119209, 16]
[119368, 155]
[119412, 170]
[119431, 17]
[119478, 17]
[119478, 11]
[119633, 16]
[119718, 58]
[119803, 51]
[119837, 178]
[119948, 37]
[120049, 137]
[120122, 12]
[120208, 15]
[120545, 163]
[120556, 16]
[120556, 17]
[120556, 11]
[120820, 13]
[120820, 18]
[120859, 119]
[120863, 16]
[120879, 60]
[120944, 89]
[120963, 15]
[120963, 156]
[121026, 14]
[121026, 180]
[121106, 129]
[121106, 11]
[121148, 39]
[121148, 88]
[121148, 24]
[121158, 88]
[121494, 123]
[121494, 139]
[121494, 97]
[121511, 18]
[121668, 12]
[121680, 16]
[121709, 19]
[121710, 16]
[121710, 13]
[121756, 141]
[122008, 153]
[122022, 129]
[122022, 25]
[122069, 18]
[122095, 159]
[122110, 52]
[122226, 11]
[122237, 14]
[122237, 94]
[122377, 35]
[122411, 16]
[122454, 37]
[122514, 167]
[122731, 12]
[122734, 20]
[122739, 47]
[122767, 12]
[122767, 25]
[122767, 115]
[122837, 144]
[122890, 54]
[122911, 92]
[122911, 161]
[122911, 14]
[122911, 14]
[122911, 109]
[122968, 107]
[122980, 12]
[123048, 92]
[123256, 13]
[123430, 78]
[123436, 160]
[123659, 16]
[123684, 18]
[123805, 12]
[123897, 33]
[124106, 157]
[124109, 24]
[124109, 65]
[124129, 74]
[124181, 23]
[124181, 14]
[124230, 38]
[124290, 13]
[124366, 18]
[124408, 71]
[124415, 21]
[124422, 130]
[124445, 25]
[124463, 12]
[124507, 12]
[124689, 33]
[124713, 19]
[124766, 148]
[124799, 27]
[124940, 106]
[124940, 11]
[124940, 11]
[124969, 12]
[125057, 61]
[125102, 28]
[125204, 94]
[125207, 118]
[125355, 159]
[125355, 150]
[125387, 162]
[125462, 12]
[125462, 27]
[125634, 18]
[125739, 108]
[125899, 16]
[125899, 41]
[125899, 32]
[125899, 17]
[125906, 84]
[125917, 12]
[126080, 11]
[126080, 12]
[126080, 18]
[126307, 13]
[126374, 30]
[126374, 75]
[126567, 72]
[126735, 33]
[126894, 11]
[126899, 139]
[126935, 148]
[127111, 11]
[127164, 22]
[127226, 22]
[127260, 154]
[127290, 17]
[127528, 17]
[127528, 20]
[127561, 36]
[127576, 168]
[127854, 20]
[127854, 34]
[127947, 99]
[128018, 141]
[128018, 12]
[128252, 16]
[128296, 126]
[128316, 127]
[128332, 11]
[128351, 12]
[128394, 164]
[128431, 19]
[128749, 22]
[128777, 155]
[128874, 20]
[128969, 19]
[129178, 35]
[129178, 179]
[129178, 16]
[129253, 17]
[129323, 159]
[129363, 22]
[129363, 18]
[129363, 121]
[129363, 14]
[129484, 176]
[129484, 119]
[129512, 12]
[129540, 36]
[129540, 21]
[129552, 11]
[129572, 112]
[129726, 100]
[129743, 131]
[129902, 17]
[129902, 19]
[129902, 13]
[129902, 21]
[129905, 11]
[129957, 150]
[129962, 51]
[129986, 40]
[129987, 47]
[129987, 66]
[130021, 125]
[130021, 26]
[130028, 99]
[130034, 30]
[130078, 20]
[130108, 11]
[130108, 13]
[130117, 11]
[130133, 88]
[130167, 17]
[130167, 51]
[130168, 89]
[130254, 12]
[130339, 14]
[130428, 23]
[130428, 73]
[130469, 15]
[130514, 144]
[130514, 161]
[130674, 146]
[130674, 97]
[130996, 14]
[131587, 26]
[131587, 51]
[131873, 31]
[131886, 125]
[131953, 113]
[131991, 18]
[131993, 18]
[132002, 106]
[132066, 19]
[132241, 28]
[132263, 25]
[132335, 24]
[132337, 14]
[132504, 38]
[132595, 86]
[132641, 35]
[132646, 15]
[132707, 14]
[132707, 23]
[132771, 12]
[132861, 93]
[132861, 17]
[132861, 12]
[132900, 13]
[133024, 14]
[133160, 114]
[133160, 179]
[133183, 137]
[133280, 101]
[133280, 157]
[133280, 13]
[133412, 87]
[133442, 15]
[133486, 99]
[133503, 16]
[133589, 27]
[133654, 12]
[133720, 114]
[133742, 140]
[133985, 20]
[134097, 41]
[134099, 168]
[134099, 112]
[134173, 15]
[134181, 12]
[134290, 16]
[134318, 62]
[134420, 16]
[134503, 79]
[134713, 11]
[134802, 11]
[134874, 33]
[134890, 94]
[134907, 60]
[135017, 70]
[135304, 19]
[135415, 15]
[135575, 178]
[135577, 12]
[135602, 30]
[135602, 22]
[135602, 77]
[135602, 66]
[135602, 152]
[135695, 44]
[135701, 17]
[135802, 12]
[135836, 171]
[135974, 140]
[136042, 78]
[136058, 11]
[136058, 132]
[136058, 77]
[136058, 144]
[136128, 17]
[136128, 18]
[136136, 14]
[136193, 16]
[136371, 33]
[136422, 20]
[136422, 129]
[136483, 21]
[136672, 79]
[136710, 18]
[136710, 73]
[136756, 122]
[136872, 14]
[136923, 152]
[136968, 12]
[136968, 12]
[137113, 11]
[137243, 22]
[137275, 23]
[137315, 17]
[137315, 20]
[137385, 166]
[137385, 17]
[137403, 160]
[137438, 11]
[137552, 21]
[137562, 152]
[137647, 12]
[137660, 12]
[137660, 23]
[137660, 11]
[137660, 23]
[137660, 11]
[137660, 23]
[137660, 141]
[137660, 17]
[137660, 11]
[137660, 45]
[137660, 129]
[137660, 151]
[137715, 18]
[137755, 76]
[137884, 39]
[137912, 30]
[137963, 11]
[138041, 176]
[138208, 32]
[138309, 142]
[138331, 65]
[138409, 14]
[138477, 18]
[138585, 140]
[138591, 18]
[138607, 15]
[138677, 15]
[138745, 11]
[138745, 23]
[138765, 143]
[138887, 30]
[138940, 142]
[138940, 136]
[139028, 17]
[139048, 64]
[139130, 63]
[139157, 11]
[139244, 102]
[139313, 180]
[139317, 121]
[139317, 23]
[139317, 11]
[139317, 25]
[139531, 19]
[139548, 14]
[139562, 11]
[139670, 15]
[139752, 179]
[139829, 12]
[139978, 27]
[140017, 33]
[140128, 162]
[140212, 21]
[140360, 148]
[140364, 72]
[140372, 39]
[140402, 17]
[140495, 16]
[140611, 14]
[140640, 16]
[140651, 17]
[140792, 13]
[140844, 29]
[140848, 172]
[140995, 83]
[140995, 112]
[140995, 115]
[141074, 133]
[141075, 18]
[141143, 25]
[141172, 14]
[141176, 39]
[141215, 67]
[141527, 44]
[141605, 21]
[141619, 72]
[141620, 21]
[141620, 22]
[141762, 22]
[141830, 132]
[141918, 75]
[142012, 76]
[142013, 12]
[142013, 18]
[142046, 11]
[142095, 175]
[142155, 149]
[142155, 23]
[142275, 16]
[142275, 30]
[142286, 88]
[142396, 64]
[142576, 12]
[142576, 26]
[142640, 20]
[142682, 14]
[142774, 12]
[143008, 12]
[143011, 55]
[143121, 70]
[143406, 109]
[143528, 98]
[143528, 37]
[143528, 18]
[143537, 12]
[143698, 12]
[143729, 45]
[143920, 90]
[143926, 14]
[143927, 51]
[143927, 29]
[143978, 12]
[143981, 12]
[143981, 15]
[144093, 12]
[144197, 13]
[144285, 160]
[144309, 12]
[144316, 128]
[144316, 17]
[144367, 43]
[144553, 12]
[144680, 100]
[144691, 20]
[144733, 15]
[144735, 118]
[145218, 22]
[145250, 146]
[145311, 16]
[145325, 13]
[145441, 70]
[145516, 11]
[145567, 21]
[145567, 128]
[145648, 12]
[145661, 109]
[145708, 181]
[145757, 29]
[145828, 87]
[145862, 12]
[145883, 176]
[145930, 155]
[145977, 11]
[146153, 159]
[146214, 11]
[146534, 35]
[146570, 162]
[146807, 39]
[146968, 22]
[146968, 17]
[146977, 130]
[146988, 88]
[147000, 89]
[147000, 95]
[147165, 14]
[147165, 22]
[147165, 35]
[147211, 156]
[147251, 12]
[147251, 18]
[147251, 40]
[147354, 153]
[147383, 46]
[147610, 29]
[147658, 17]
[147658, 11]
[147658, 17]
[147658, 28]
[147679, 12]
[147693, 181]
[147693, 17]
[147768, 70]
[147859, 23]
[148033, 21]
[148034, 18]
[148102, 11]
[148196, 13]
[148196, 24]
[148280, 15]
[148382, 30]
[148397, 100]
[148516, 139]
[148579, 154]
[148598, 33]
[148676, 37]
[149034, 54]
[149061, 11]
[149084, 12]
[149192, 12]
[149198, 156]
[149198, 125]
[149198, 47]
[149207, 51]
[149378, 112]
[149396, 118]
[149396, 160]
[149494, 122]
[149516, 38]
[149516, 54]
[149516, 11]
[149516, 18]
[149516, 71]
[149516, 166]
[149524, 14]
[149524, 33]
[149661, 14]
[149683, 18]
[149714, 11]
[149716, 20]
[149728, 16]
[149728, 54]
[149774, 14]
[149887, 32]
[149887, 13]
[150075, 64]
[150156, 19]
[150156, 12]
[150185, 15]
[150191, 18]
[150246, 24]
[150246, 24]
[150378, 179]
[150443, 12]
[150715, 70]
[150715, 74]
[150715, 134]
[150715, 51]
[150814, 19]
[150814, 17]
[150881, 15]
[150881, 25]
[150881, 21]
[150881, 12]
[150900, 36]
[150944, 14]
[150944, 31]
[150944, 43]
[150944, 90]
[150944, 166]
[151067, 102]
[151146, 70]
[151205, 20]
[151372, 35]
[151372, 53]
[151399, 121]
[151408, 12]
[151408, 96]
[151426, 11]
[151505, 156]
[151610, 178]
[151620, 177]
[151627, 137]
[151675, 104]
[151675, 170]
[151801, 16]
[151815, 16]
[151934, 146]
[151937, 40]
[151992, 130]
[152029, 22]
[152029, 12]
[152122, 18]
[152167, 16]
[152186, 14]
[152192, 105]
[152206, 14]
[152206, 44]
[152217, 30]
[152644, 11]
[152787, 16]
[152891, 15]
[152891, 13]
[152891, 20]
[152891, 11]
[152946, 142]
[153070, 11]
[153122, 16]
[153122, 24]
[153122, 88]
[153216, 16]
[153290, 106]
[153290, 17]
[153290, 131]
[153432, 12]
[153454, 164]
[153558, 15]
[153558, 31]
[153635, 29]
[153635, 97]
[153682, 137]
[153682, 15]
[153708, 11]
[153738, 164]
[153745, 11]
[154105, 113]
[154223, 155]
[154246, 17]
[154324, 150]
[154506, 91]
[154699, 12]
[155046, 23]
[155046, 12]
[155094, 13]
[155133, 13]
[155176, 11]
[155182, 17]
[155182, 46]
[155182, 15]
[155219, 11]
[155234, 25]
[155341, 24]
[155495, 15]
[155495, 12]
[155526, 180]
[155577, 13]
[155647, 14]
[155668, 46]
[155760, 12]
[155763, 17]
[155827, 12]
[155845, 82]
[155845, 147]
[155935, 18]
[155948, 11]
[155974, 130]
[156106, 121]
[156114, 76]
[156114, 26]
[156114, 90]
[156118, 12]
[156147, 34]
[156147, 133]
[156147, 50]
[156166, 19]
[156198, 172]
[156220, 13]
[156413, 11]
[156436, 14]
[156539, 15]
[156623, 114]
[156690, 145]
[156705, 12]
[156798, 20]
[156822, 138]
[156847, 73]
[156927, 126]
[156933, 11]
[156959, 126]
[157000, 19]
[157062, 39]
[157082, 21]
[157140, 20]
[157321, 133]
[157321, 110]
[157321, 118]
[157456, 29]
[157485, 17]
[157553, 19]
[157569, 54]
[157640, 23]
[157682, 70]
[157701, 23]
[157712, 17]
[157832, 29]
[157835, 79]
[157995, 103]
[157995, 125]
[157995, 33]
[157995, 181]
[158013, 73]
[158142, 19]
[158270, 11]
[158334, 20]
[158334, 51]
[158334, 14]
[158349, 12]
[158363, 12]
[158444, 15]
[158447, 29]
[158447, 45]
[158453, 18]
[158584, 24]
[158584, 19]
[158629, 122]
[158634, 27]
[158693, 96]
[158739, 146]
[158739, 15]
[158783, 24]
[158806, 86]
[158806, 12]
[158806, 14]
[158825, 35]
[158832, 12]
[158872, 175]
[158872, 70]
[158872, 21]
[158872, 56]
[158922, 45]
[158922, 28]
[158941, 15]
[159118, 25]
[159118, 20]
[159118, 85]
[159157, 16]
[159185, 33]
[159218, 25]
[159218, 16]
[159218, 57]
[159231, 105]
[159256, 51]
[159274, 20]
[159309, 70]
[159483, 11]
[159527, 17]
[159527, 20]
[159527, 175]
[159677, 29]
[159823, 81]
[159828, 14]
[159957, 70]
[159964, 103]
[159964, 17]
[159979, 11]
[160112, 12]
[160112, 17]
[160258, 12]
[160332, 11]
[160338, 16]
[160338, 160]
[160338, 25]
[160386, 25]
[160386, 21]
[160419, 12]
[160502, 13]
[160527, 176]
[160534, 12]
[160539, 16]
[160701, 12]
[160775, 171]
[160892, 30]
[160912, 157]
[160912, 12]
[161053, 16]
[161067, 37]
[161142, 30]
[161155, 13]
[161155, 20]
[161248, 16]
[161248, 34]
[161293, 18]
[161337, 50]
[161378, 109]
[161439, 15]
[161454, 20]
[161514, 144]
[161514, 14]
[161543, 17]
[161648, 142]
[161746, 19]
[161747, 14]
[161892, 12]
[161893, 41]
[161931, 156]
[161931, 36]
[161939, 87]
[161968, 162]
[161968, 15]
[162076, 17]
[162220, 41]
[162273, 17]
[162347, 36]
[162363, 33]
[162363, 20]
[162363, 36]
[162449, 19]
[162449, 18]
[162472, 33]
[162476, 91]
[162476, 29]
[162505, 35]
[162547, 17]
[162694, 22]
[162694, 20]
[162706, 15]
[162723, 23]
[162774, 14]
[162816, 11]
[162890, 116]
[162905, 125]
[162924, 11]
[162924, 16]
[162924, 15]
[162956, 108]
[162970, 11]
[162971, 18]
[163044, 14]
[163156, 14]
[163156, 24]
[163156, 106]
[163173, 12]
[163211, 12]
[163211, 148]
[163213, 13]
[163281, 11]
[163440, 18]
[163471, 12]
[163647, 20]
[163647, 129]
[163647, 92]
[163733, 166]
[163733, 17]
[163811, 141]
[164017, 105]
[164081, 30]
[164081, 80]
[164143, 20]
[164143, 36]
[164158, 16]
[164170, 45]
[164170, 20]
[164184, 28]
[164190, 14]
[164245, 14]
[164257, 12]
[164353, 176]
[164394, 12]
[164394, 21]
[164536, 13]
[164611, 75]
[164611, 14]
[164656, 12]
[164790, 34]
[164889, 40]
[165074, 12]
[165075, 30]
[165134, 11]
[165166, 98]
[165191, 22]
[165247, 110]
[165272, 11]
[165357, 84]
[165483, 11]
[165499, 118]
[165682, 29]
[165719, 14]
[165726, 17]
[165738, 129]
[165830, 24]
[165830, 17]
[165860, 141]
[165860, 83]
[165872, 75]
[166040, 16]
[166076, 21]
[166099, 14]
[166099, 20]
[166106, 15]
[166118, 21]
[166158, 17]
[166161, 16]
[166218, 14]
[166218, 11]
[166240, 25]
[166254, 145]
[166314, 32]
[166357, 29]
[166359, 174]
[166452, 41]
[166452, 12]
[166513, 11]
[166550, 61]
[166550, 11]
[166558, 30]
[166670, 19]
[166773, 139]
[166773, 31]
[166803, 20]
[166816, 25]
[166846, 12]
[166846, 19]
[166983, 117]
[167015, 64]
[167073, 20]
[167073, 12]
[167128, 15]
[167213, 12]
[167262, 12]
[167267, 24]
[167267, 16]
[167267, 30]
[167318, 148]
[167318, 17]
[167359, 22]
[167359, 59]
[167359, 13]
[167505, 18]
[167505, 119]
[167505, 170]
[167514, 152]
[167604, 135]
[167763, 14]
[167817, 20]
[167927, 12]
[167993, 15]
[168032, 25]
[168116, 20]
[168273, 31]
[168439, 16]
[168461, 19]
[168528, 16]
[168620, 20]
[168646, 15]
[168666, 170]
[168691, 30]
[168804, 164]
[168869, 159]
[169017, 12]
[169069, 164]
[169069, 12]
[169202, 12]
[169346, 19]
[169597, 20]
[169597, 120]
[169631, 12]
[169695, 16]
[169822, 27]
[169959, 14]
[169959, 36]
[170079, 115]
[170079, 71]
[170079, 158]
[170079, 124]
[170143, 12]
[170168, 116]
[170322, 21]
[170439, 14]
[170751, 13]
[170785, 12]
[170831, 94]
[170868, 47]
[170868, 21]
[170922, 65]
[171005, 146]
[171005, 169]
[171005, 171]
[171005, 17]
[171005, 76]
[171005, 100]
[171005, 14]
[171033, 146]
[171094, 18]
[171189, 19]
[171290, 18]
[171329, 14]
[171381, 12]
[171381, 122]
[171447, 30]
[171447, 104]
[171447, 11]
[171447, 33]
[171447, 143]
[171447, 149]
[171447, 11]
[171523, 106]
[171528, 12]
[171607, 83]
[171675, 13]
[171736, 22]
[171993, 18]
[171993, 15]
[171993, 153]
[172031, 41]
[172037, 180]
[172060, 12]
[172069, 17]
[172080, 16]
[172117, 11]
[172121, 67]
[172167, 16]
[172190, 24]
[172190, 21]
[172263, 15]
[172289, 87]
[172478, 40]
[172606, 116]
[172721, 13]
[172721, 30]
[173060, 43]
[173060, 119]
[173091, 15]
[173111, 15]
[173131, 12]
[173131, 40]
[173147, 98]
[173173, 12]
[173202, 16]
[173202, 59]
[173544, 12]
[173830, 15]
[173830, 12]
[173830, 17]
[173895, 38]
[173959, 168]
[173994, 108]
[174056, 58]
[174149, 90]
[174332, 107]
[174337, 14]
[174359, 15]
[174439, 15]
[174480, 11]
[174683, 19]
[174683, 102]
[174809, 13]
[174853, 110]
[174860, 39]
[174860, 92]
[174860, 175]
[174878, 23]
[174945, 62]
[175008, 24]
[175188, 112]
[175188, 47]
[175322, 27]
[175447, 17]
[175548, 14]
[175582, 16]
[175630, 12]
[175668, 108]
[175731, 17]
[175731, 117]
[175891, 22]
[175984, 11]
[175984, 12]
[176030, 25]
[176080, 21]
[176080, 13]
[176080, 39]
[176080, 23]
[176164, 165]
[176181, 17]
[176207, 17]
[176211, 16]
[176235, 143]
[176305, 20]
[176314, 161]
[176368, 21]
[176494, 23]
[176501, 25]
[176580, 12]
[176630, 15]
[176630, 11]
[176689, 16]
[176713, 35]
[176738, 17]
[176935, 22]
[176957, 26]
[176958, 11]
[176958, 24]
[176994, 18]
[177018, 21]
[177195, 15]
[177226, 14]
[177586, 60]
[177586, 98]
[177586, 103]
[177586, 114]
[177586, 31]
[177586, 94]
[177635, 13]
[177635, 20]
[177980, 11]
[178254, 172]
[178254, 14]
[178254, 23]
[178428, 105]
[178429, 135]
[178525, 20]
[178553, 16]
[178553, 178]
[178553, 12]
[178722, 16]
[178756, 137]
[178769, 12]
[178905, 19]
[178916, 18]
[178921, 181]
[178985, 17]
[178989, 151]
[178993, 52]
[179056, 104]
[179056, 15]
[179164, 24]
[179172, 100]
[179237, 108]
[179237, 20]
[179237, 58]
[179237, 156]
[179611, 17]
[179611, 11]
[179616, 22]
[179635, 17]
[179643, 105]
[179671, 12]
[179671, 150]
[179671, 26]
[179761, 17]
[179815, 177]
[179815, 113]
[179815, 180]
[179870, 15]
[179871, 11]
[179892, 22]
[179919, 12]
[179919, 40]
[179977, 15]
[180055, 44]
[180055, 41]
[180091, 100]
[180091, 11]
[180194, 119]
[180294, 18]
[180294, 38]
[180294, 11]
[180365, 11]
[180365, 20]
[180525, 17]
[180604, 11]
[180639, 18]
[180701, 21]
[180929, 85]
[180976, 62]
[180985, 31]
[181044, 22]
[181156, 163]
[181182, 24]
[181182, 18]
[181182, 39]
[181272, 32]
[181286, 20]
[181286, 12]
[181302, 11]
[181314, 19]
[181374, 25]
[181383, 19]
[181384, 18]
[181384, 14]
[181442, 11]
[181505, 12]
[181505, 20]
[181559, 12]
[181696, 114]
[181791, 27]
[181791, 20]
[181796, 178]
[181796, 177]
[181797, 14]
[181811, 11]
[181866, 79]
[182009, 114]
[182019, 40]
[182041, 39]
[182184, 119]
[182233, 23]
[182233, 19]
[182244, 14]
[182244, 23]
[182367, 14]
[182367, 24]
[182367, 12]
[182430, 17]
[182479, 35]
[182533, 11]
[182555, 26]
[182678, 140]
[182705, 12]
[182714, 20]
[182717, 26]
[182719, 41]
[182719, 18]
[182719, 11]
[182891, 25]
[182910, 14]
[182921, 37]
[182930, 147]
[182951, 35]
[182955, 19]
[183219, 16]
[183220, 15]
[183386, 18]
[183393, 108]
[183475, 39]
[183475, 11]
[183495, 21]
[183558, 59]
[183592, 30]
[183673, 19]
[183816, 15]
[183832, 24]
[183853, 141]
[183893, 45]
[183909, 15]
[183939, 18]
[184077, 97]
[184085, 140]
[184145, 35]
[184378, 177]
[184433, 14]
[184442, 26]
[184442, 31]
[184555, 33]
[184576, 15]
[184602, 82]
[184603, 41]
[184612, 13]
[184616, 128]
[184616, 161]
[184694, 14]
[184747, 171]
[184747, 87]
[184750, 112]
[184904, 17]
[185043, 16]
[185046, 30]
[185155, 19]
[185155, 13]
[185155, 20]
[185289, 74]
[185362, 14]
[185362, 29]
[185362, 100]
[185362, 115]
[185362, 105]
[185362, 102]
[185367, 11]
[185441, 11]
[185447, 16]
[185447, 11]
[185575, 176]
[185603, 19]
[185603, 18]
[185643, 15]
[185648, 13]
[185656, 141]
[185740, 18]
[185762, 28]
[185766, 49]
[185777, 45]
[185838, 72]
[185859, 106]
[185859, 157]
[185912, 17]
[185939, 16]
[186024, 18]
[186123, 141]
[186123, 22]
[186180, 36]
[186196, 16]
[186293, 174]
[186359, 15]
[186562, 134]
[186781, 12]
[186868, 179]
[186899, 16]
[186900, 103]
[187114, 108]
[187250, 25]
[187267, 150]
[187278, 12]
[187312, 13]
[187340, 14]
[187340, 41]
[187361, 11]
[187454, 40]
[187462, 19]
[187509, 11]
[187515, 13]
[187515, 105]
[187515, 19]
[187591, 11]
[187591, 58]
[187676, 14]
[187689, 14]
[187727, 21]
[187730, 154]
[187730, 12]
[187739, 178]
[187891, 17]
[187891, 11]
[187891, 24]
[187891, 19]
[187977, 18]
[188339, 13]
[188433, 11]
[188533, 70]
[188627, 17]
[188640, 19]
[188640, 13]
[188714, 18]
[188714, 181]
[188722, 22]
[188819, 136]
[188852, 121]
[188866, 12]
[188895, 60]
[188907, 33]
[188931, 19]
[188951, 11]
[188951, 14]
[188956, 25]
[188956, 34]
[188956, 42]
[189028, 13]
[189031, 15]
[189031, 20]
[189031, 82]
[189031, 21]
[189101, 36]
[189104, 111]
[189138, 18]
[189209, 30]
[189279, 166]
[189370, 33]
[189373, 12]
[189373, 29]
[189389, 122]
[189418, 33]
[189418, 39]
[189468, 70]
[189470, 159]
[189484, 170]
[189484, 25]
[189484, 152]
[189484, 58]
[189593, 172]
[189610, 95]
[189675, 18]
[189675, 73]
[189703, 21]
[189703, 21]
[189703, 70]
[189703, 21]
[189703, 22]
[189744, 20]
[189744, 144]
[189765, 11]
[189771, 101]
[189771, 17]
[189920, 33]
[189920, 17]
[190045, 15]
[190045, 110]
[190135, 16]
[190135, 11]
[190135, 14]
[190139, 11]
[190156, 11]
[190305, 11]
[190305, 45]
[190305, 15]
[190415, 94]
[190509, 17]
[190509, 83]
[190509, 65]
[190686, 11]
[190720, 14]
[190840, 17]
[190840, 24]
[190840, 81]
[190929, 40]
[191004, 13]
[191014, 21]
[191028, 81]
[191028, 20]
[191055, 12]
[191055, 29]
[191055, 31]
[191055, 138]
[191090, 11]
[191142, 16]
[191142, 175]
[191142, 30]
[191142, 22]
[191206, 19]
[191252, 146]
[191467, 14]
[191467, 112]
[191506, 16]
[191516, 133]
[191516, 154]
[191516, 162]
[191554, 21]
[191573, 25]
[191612, 22]
[191617, 45]
[191732, 81]
[191751, 19]
[191842, 177]
[191987, 119]
[191987, 163]
[192038, 91]
[192053, 17]
[192065, 33]
[192098, 120]
[192098, 25]
[192122, 12]
[192122, 64]
[192149, 30]
[192205, 48]
[192273, 41]
[192277, 111]
[192350, 17]
[192350, 15]
[192452, 22]
[192477, 16]
[192524, 11]
[192524, 14]
[192574, 85]
[192585, 106]
[192585, 89]
[192645, 22]
[192676, 84]
[192676, 14]
[192685, 15]
[192766, 17]
[192829, 12]
[192921, 28]
[192923, 31]
[192923, 37]
[192960, 18]
[193133, 24]
[193139, 61]
[193139, 21]
[193269, 30]
[193457, 153]
[193500, 11]
[193632, 27]
[193731, 15]
[193768, 11]
[193998, 13]
[194281, 24]
[194336, 18]
[194460, 78]
[194499, 58]
[194610, 17]
[194647, 45]
[194647, 14]
[194672, 17]
[194677, 75]
[194688, 51]
[194841, 138]
[194931, 156]
[195114, 135]
[195132, 78]
[195224, 14]
[195235, 64]
[195347, 12]
[195360, 180]
[195360, 16]
[195441, 45]
[195484, 105]
[195484, 41]
[195509, 16]
[195633, 23]
[195633, 11]
[195633, 14]
[195633, 18]
[195696, 58]
[195703, 96]
[195856, 12]
[195856, 19]
[196005, 15]
[196052, 69]
[196181, 105]
[196193, 122]
[196193, 20]
[196212, 19]
[196212, 23]
[196248, 92]
[196248, 169]
[196334, 53]
[196474, 18]
[196481, 12]
[196586, 12]
[196682, 131]
[196701, 142]
[196724, 18]
[196743, 45]
[196756, 12]
[196762, 126]
[196886, 164]
[196938, 11]
[196938, 46]
[196938, 12]
[197116, 54]
[197155, 173]
[197449, 12]
[197449, 31]
[197472, 18]
[197472, 11]
[197574, 15]
[197578, 18]
[197663, 17]
[197711, 12]
[197714, 14]
[197730, 25]
[197730, 136]
[198075, 31]
[198075, 19]
[198075, 171]
[198075, 75]
[198075, 118]
[198075, 144]
[198094, 77]
[198115, 76]
[198118, 116]
[198144, 36]
[198144, 71]
[198320, 14]
[198377, 12]
[198381, 16]
[198499, 124]
[198530, 34]
[198634, 19]
[198857, 16]
[198874, 31]
[199010, 20]
[199107, 170]
[199143, 28]
[199200, 23]
[199200, 13]
[199243, 14]
[199243, 13]
[199261, 12]
[199300, 181]
[199302, 14]
[199394, 17]
[199556, 39]
[199610, 12]
[199862, 21]
[199875, 141]
[199901, 23]
[199901, 12]
[199933, 39]
[200022, 17]
[200047, 178]
[200047, 50]
[200077, 18]
[200163, 167]
[200163, 15]
[200235, 17]
[200254, 16]
[200303, 142]
[200421, 17]
[200421, 24]
[200434, 30]
[200539, 16]
[200654, 16]
[200741, 111]
[200748, 12]
[200810, 168]
[200848, 12]
[200891, 21]
[201066, 35]
[201066, 58]
[201089, 19]
[201089, 126]
[201281, 51]
[201281, 11]
[201383, 14]
[201394, 20]
[201431, 15]
[201449, 20]
[201497, 89]
[201586, 12]
[201676, 12]
[201838, 143]
[201925, 19]
[201934, 21]
[201934, 152]
[201934, 44]
[201934, 34]
[201934, 133]
[201966, 11]
[201966, 25]
[202001, 14]
[202047, 12]
[202361, 12]
[202435, 16]
[202444, 41]
[202444, 37]
[202445, 72]
[202468, 155]
[202579, 11]
[202638, 171]
[202638, 18]
[202655, 11]
[202655, 134]
[202688, 14]
[202688, 17]
[202712, 11]
[202853, 113]
[202986, 19]
[202986, 13]
[203052, 145]
[203054, 114]
[203066, 63]
[203225, 23]
[203225, 11]
[203423, 18]
[203480, 15]
[203532, 20]
[203832, 15]
[204134, 18]
[204157, 14]
[204223, 12]
[204347, 116]
[204347, 14]
[204347, 24]
[204347, 128]
[204347, 12]
[204347, 176]
[204494, 15]
[204506, 159]
[204726, 27]
[204776, 15]
[205167, 11]
[205235, 18]
[205237, 22]
[205237, 133]
[205265, 11]
[205303, 12]
[205460, 46]
[205494, 34]
[205501, 29]
[205501, 158]
[205501, 173]
[205597, 95]
[205630, 115]
[205682, 41]
[205685, 15]
[205685, 21]
[205736, 176]
[205812, 15]
[205812, 19]
[205812, 84]
[205886, 20]
[205930, 11]
[205956, 130]
[205974, 11]
[205974, 50]
[205974, 17]
[205974, 125]
[205974, 47]
[205974, 25]
[206178, 33]
[206356, 25]
[206379, 159]
[206379, 13]
[206379, 34]
[206391, 49]
[206414, 15]
[206730, 19]
[206850, 12]
[206907, 30]
[206989, 38]
[207112, 21]
[207239, 12]
[207384, 17]
[207384, 139]
[207384, 15]
[207488, 16]
[207488, 41]
[207567, 11]
[207632, 17]
[207705, 16]
[207768, 33]
[207797, 163]
[207869, 15]
[207869, 89]
[207905, 23]
[207905, 49]
[207905, 11]
[207905, 22]
[207905, 16]
[207955, 158]
[208061, 11]
[208061, 17]
[208307, 51]
[208522, 12]
[208610, 13]
[208630, 15]
[208658, 16]
[208686, 11]
[209033, 12]
[209167, 16]
[209167, 18]
[209204, 16]
[209204, 30]
[209249, 13]
[209262, 21]
[209262, 18]
[209374, 47]
[209374, 67]
[209374, 21]
[209492, 128]
[209495, 17]
[209561, 43]
[209618, 12]
[209764, 19]
[209773, 16]
[209773, 12]
[209806, 11]
[209813, 19]
[209900, 17]
[210038, 105]
[210185, 45]
[210403, 165]
[210516, 15]
[210535, 98]
[210560, 16]
[210586, 12]
[210857, 47]
[210965, 20]
[210998, 32]
[210998, 38]
[210998, 38]
[210998, 29]
[210998, 117]
[210998, 20]
[210998, 36]
[210998, 143]
[210998, 24]
[210998, 14]
[211033, 143]
[211057, 16]
[211078, 17]
[211078, 14]
[211078, 11]
[211078, 20]
[211237, 47]
[211260, 72]
[211261, 150]
[211261, 11]
[211279, 20]
[211287, 19]
[211316, 149]
[211316, 99]
[211390, 90]
[211431, 11]
[211759, 98]
[211817, 43]
[211894, 73]
[211894, 32]
[211966, 16]
[211966, 51]
[211966, 62]
[211995, 20]
[212119, 44]
[212127, 31]
[212291, 23]
[212512, 17]
[212734, 12]
[212801, 148]
[212809, 12]
[213041, 91]
[213041, 46]
[213041, 33]
[213041, 64]
[213041, 81]
[213184, 19]
[213265, 11]
[213335, 12]
[213535, 14]
[213570, 16]
[213614, 79]
[213623, 18]
[213790, 160]
[213846, 15]
[213944, 123]
[213944, 25]
[213973, 15]
[214085, 21]
[214087, 17]
[214095, 40]
[214122, 87]
[214122, 23]
[214243, 15]
[214243, 40]
[214243, 32]
[214243, 76]
[214248, 18]
[214524, 21]
[214536, 24]
[214536, 57]
[214594, 12]
[214619, 45]
[214619, 14]
[214651, 16]
[214651, 151]
[214651, 116]
[214651, 33]
[214651, 16]
[214651, 132]
[214700, 21]
[214701, 15]
[214789, 15]
[214824, 19]
[214824, 176]
[214928, 21]
[215015, 16]
[215019, 11]
[215019, 27]
[215429, 11]
[215432, 12]
[215432, 23]
[215432, 92]
[215612, 116]
[215612, 16]
[215734, 106]
[215734, 179]
[215734, 182]
[215734, 115]
[215745, 36]
[215781, 11]
[215781, 12]
[215823, 29]
[215845, 20]
[215845, 13]
[215845, 63]
[215845, 62]
[215845, 67]
[215915, 169]
[215915, 172]
[215948, 171]
[215948, 171]
[215948, 96]
[215948, 154]
[215996, 12]
[216027, 112]
[216033, 15]
[216055, 12]
[216055, 45]
[216055, 19]
[216055, 43]
[216055, 20]
[216055, 81]
[216071, 18]
[216216, 12]
[216216, 140]
[216272, 16]
[216352, 139]
[216352, 19]
[216389, 15]
[216389, 19]
[216458, 16]
[216480, 15]
[216604, 12]
[216611, 12]
[216733, 154]
[216733, 12]
[216733, 22]
[216733, 17]
[216822, 21]
[216992, 11]
[216992, 27]
[217040, 12]
[217145, 16]
[217145, 25]
[217190, 12]
[217313, 47]
[217458, 39]
[217568, 15]
[217688, 182]
[217738, 24]
[217750, 23]
[217804, 15]
[217928, 67]
[217934, 55]
[217954, 16]
[217954, 12]
[218067, 11]
[218294, 33]
[218350, 163]
[218393, 15]
[218505, 16]
[218529, 58]
[218567, 22]
[218633, 18]
[218759, 94]
[218784, 92]
[218786, 33]
[218786, 11]
[218786, 71]
[218786, 29]
[218797, 17]
[218797, 15]
[218927, 12]
[219091, 11]
[219137, 177]
[219150, 17]
[219157, 172]
[219157, 117]
[219157, 11]
[219255, 112]
[219255, 19]
[219255, 18]
[219255, 63]
[219255, 47]
[219266, 126]
[219266, 17]
[219280, 22]
[219432, 108]
[219457, 16]
[219467, 11]
[219752, 11]
[219752, 46]
[219872, 14]
[219872, 16]
[220017, 11]
[220017, 26]
[220017, 21]
[220055, 52]
[220085, 43]
[220107, 88]
[220148, 11]
[220260, 29]
[220696, 18]
[220728, 86]
[220794, 38]
[220817, 113]
[220831, 165]
[220848, 20]
[221040, 60]
[221040, 12]
[221115, 25]
[221184, 133]
[221247, 12]
[221317, 71]
[221420, 12]
[221433, 15]
[221503, 14]
[221603, 123]
[221603, 21]
[221603, 85]
[221658, 50]
[221703, 19]
[221721, 30]
[221854, 13]
[221995, 69]
[222037, 18]
[222064, 148]
[222064, 126]
[222110, 162]
[222209, 16]
[222247, 17]
[222288, 16]
[222288, 11]
[222324, 98]
[222324, 85]
[222402, 176]
[222465, 65]
[222794, 12]
[222795, 19]
[222859, 22]
[222859, 38]
[222895, 34]
[222914, 96]
[222914, 40]
[222940, 158]
[222942, 11]
[223105, 11]
[223215, 14]
[223324, 12]
[223471, 12]
[223471, 30]
[223471, 98]
[223504, 28]
[223577, 118]
[223577, 17]
[223577, 11]
[223639, 80]
[223688, 129]
[223753, 30]
[223912, 20]
[223923, 13]
[224027, 66]
[224288, 41]
[224294, 11]
[224325, 20]
[224372, 39]
[224381, 18]
[224381, 55]
[224458, 14]
[224522, 12]
[224541, 15]
[224558, 73]
[224583, 17]
[224583, 12]
[224596, 29]
[224596, 35]
[224814, 15]
[224958, 11]
[225016, 24]
[225016, 32]
[225154, 14]
[225160, 15]
[225252, 17]
[225266, 19]
[225337, 11]
[225404, 73]
[225404, 21]
[225481, 14]
[225712, 23]
[225782, 11]
[225782, 105]
[225907, 63]
[225947, 11]
[225947, 27]
[225947, 16]
[225970, 18]
[225998, 38]
[226279, 30]
[226320, 12]
[226410, 98]
[226410, 12]
[226454, 22]
[226517, 13]
[226615, 12]
[226628, 21]
[226645, 103]
[226688, 23]
[226715, 11]
[226751, 20]
[226751, 40]
[226783, 152]
[226783, 41]
[226783, 170]
[226990, 133]
[227042, 11]
[227084, 19]
[227093, 30]
[227093, 36]
[227093, 22]
[227128, 42]
[227133, 11]
[227133, 17]
[227197, 141]
[227197, 141]
[227404, 18]
[227463, 15]
[227463, 12]
[227463, 11]
[227463, 38]
[227510, 15]
[227730, 17]
[227730, 11]
[227832, 16]
[227848, 27]
[227848, 11]
[227848, 22]
[227848, 20]
[227848, 33]
[227851, 22]
[227851, 34]
[227851, 12]
[227934, 24]
[228018, 108]
[228018, 22]
[228057, 175]
[228059, 176]
[228156, 17]
[228194, 49]
[228292, 111]
[228520, 12]
[228520, 11]
[228540, 28]
[228690, 14]
[228713, 12]
[228757, 24]
[228815, 142]
[228925, 12]
[229329, 175]
[229338, 19]
[229338, 161]
[229345, 152]
[229345, 111]
[229360, 11]
[229398, 15]
[229527, 16]
[229528, 36]
[229528, 72]
[229606, 102]
[229606, 11]
[229606, 20]
[229648, 14]
[229663, 104]
[229762, 21]
[229762, 34]
[229777, 14]
[229836, 16]
[229836, 30]
[229836, 11]
[229868, 11]
[229869, 14]
[229902, 14]
[229922, 141]
[230096, 26]
[230185, 166]
[230238, 172]
[230244, 12]
[230276, 18]
[230276, 21]
[230413, 118]
[230488, 115]
[230523, 19]
[230752, 78]
[230840, 156]
[230871, 11]
[230881, 12]
[230950, 26]
[231061, 30]
[231232, 61]
[231362, 149]
[231450, 162]
[231566, 168]
[231566, 117]
[231665, 30]
[231864, 137]
[231964, 105]
[231969, 13]
[232011, 21]
[232260, 168]
[232262, 35]
[232262, 177]
[232262, 14]
[232285, 13]
[232387, 99]
[232481, 12]
[232481, 11]
[232551, 20]
[232551, 118]
[232551, 121]
[232577, 55]
[232640, 15]
[232753, 16]
[232782, 160]
[232842, 130]
[232854, 133]
[232935, 159]
[232959, 27]
[232964, 14]
[232969, 13]
[232991, 15]
[233075, 14]
[233075, 149]
[233126, 45]
[233196, 11]
[233202, 18]
[233236, 133]
[233236, 127]
[233461, 115]
[233647, 120]
[233647, 95]
[233694, 20]
[233765, 98]
[233774, 16]
[233919, 50]
[234031, 165]
[234031, 117]
[234031, 132]
[234031, 130]
[234037, 24]
[234037, 135]
[234083, 17]
[234108, 13]
[234185, 13]
[234185, 28]
[234441, 12]
[234567, 13]
[234665, 135]
[234718, 168]
[234732, 12]
[234739, 164]
[234884, 149]
[234998, 15]
[235022, 34]
[235074, 33]
[235074, 22]
[235122, 16]
[235122, 30]
[235122, 22]
[235325, 37]
[235325, 33]
[235325, 41]
[235328, 13]
[235334, 56]
[235334, 134]
[235505, 12]
[235505, 20]
[235561, 136]
[235701, 15]
[235701, 11]
[235703, 72]
[235747, 23]
[235801, 100]
[235869, 18]
[236018, 23]
[236076, 36]
[236086, 24]
[236086, 18]
[236142, 15]
[236145, 11]
[236200, 45]
[236254, 161]
[236269, 49]
[236343, 16]
[236381, 16]
[236381, 11]
[236422, 11]
[236422, 46]
[236431, 16]
[236494, 63]
[236513, 174]
[236559, 24]
[236614, 13]
[236616, 14]
[236616, 24]
[236616, 33]
[236616, 162]
[236616, 12]
[236616, 11]
[236649, 11]
[236728, 18]
[236756, 83]
[236808, 11]
[236882, 39]
[236909, 166]
[237050, 163]
[237155, 11]
[237155, 21]
[237155, 11]
[237225, 64]
[237234, 14]
[237341, 11]
[237379, 119]
[237439, 73]
[237456, 21]
[237559, 15]
[237618, 14]
[237618, 143]
[237620, 20]
[237623, 156]
[237625, 11]
[237706, 59]
[237820, 40]
[237905, 16]
[238027, 16]
[238032, 21]
[238032, 13]
[238060, 16]
[238060, 11]
[238162, 51]
[238197, 18]
[238321, 15]
[238529, 31]
[238570, 13]
[238653, 165]
[238758, 147]
[238774, 11]
[238914, 17]
[238914, 21]
[238914, 24]
[239050, 11]
[239139, 13]
[239167, 24]
[239181, 19]
[239217, 19]
[239223, 41]
[239364, 11]
[239365, 47]
[239385, 21]
[239555, 177]
[239555, 145]
[239669, 19]
[239719, 34]
[239769, 15]
[240190, 11]
[240270, 24]
[240270, 18]
[240385, 36]
[240385, 16]
[240385, 18]
[240429, 51]
[240449, 21]
[240508, 149]
[240785, 11]
[240802, 99]
[240813, 37]
[240827, 17]
[240827, 20]
[240878, 147]
[240891, 17]
[240917, 12]
[240922, 12]
[240989, 97]
[241042, 20]
[241042, 11]
[241159, 12]
[241381, 124]
[241491, 152]
[241690, 17]
[241915, 18]
[241995, 51]
[242132, 18]
[242132, 18]
[242132, 12]
[242132, 176]
[242132, 26]
[242132, 15]
[242132, 54]
[242333, 20]
[242359, 15]
[242497, 15]
[242508, 30]
[242573, 12]
[242721, 25]
[242826, 15]
[242830, 18]
[242876, 17]
[242911, 19]
[242971, 17]
[242999, 113]
[243080, 171]
[243114, 16]
[243187, 15]
[243258, 12]
[243348, 100]
[243348, 73]
[243377, 100]
[243387, 31]
[243387, 91]
[243425, 131]
[243456, 15]
[243537, 12]
[243568, 19]
[243582, 11]
[243725, 36]
[243766, 158]
[243783, 94]
[243783, 154]
[243783, 13]
[243913, 23]
[243946, 12]
[243961, 12]
[244071, 16]
[244137, 15]
[244214, 73]
[244214, 11]
[244214, 141]
[244214, 23]
[244263, 22]
[244279, 15]
[244319, 22]
[244480, 76]
[244509, 20]
[244509, 21]
[244509, 58]
[244579, 12]
[244648, 27]
[244678, 50]
[244681, 14]
[244742, 129]
[244742, 152]
[244751, 11]
[244862, 158]
[244900, 14]
[244983, 15]
[244983, 45]
[244983, 14]
[244983, 24]
[245101, 19]
[245123, 16]
[245128, 18]
[245172, 77]
[245172, 15]
[245360, 12]
[245372, 165]
[245398, 40]
[245439, 62]
[245584, 29]
[245584, 60]
[245584, 39]
[245630, 12]
[245693, 14]
[245784, 15]
[245808, 169]
[245845, 16]
[245845, 102]
[245845, 23]
[245845, 11]
[245858, 162]
[245918, 12]
[246032, 12]
[246104, 13]
[246116, 13]
[246151, 98]
[246183, 28]
[246185, 168]
[246185, 20]
[246190, 99]
[246190, 11]
[246220, 15]
[246220, 17]
[246289, 15]
[246454, 20]
[246514, 93]
[246514, 43]
[246514, 73]
[246514, 17]
[246514, 141]
[246514, 20]
[246573, 20]
[246616, 14]
[246630, 14]
[246679, 17]
[246711, 17]
[246756, 24]
[246782, 70]
[246846, 180]
[246867, 15]
[246886, 12]
[247017, 123]
[247029, 106]
[247093, 12]
[247257, 103]
[247418, 155]
[247532, 81]
[247532, 87]
[247563, 12]
[247563, 73]
[247635, 90]
[247657, 26]
[247657, 30]
[247676, 34]
[247693, 19]
[247707, 107]
[247755, 11]
[247794, 106]
[247794, 131]
[247853, 13]
[247927, 177]
[247937, 24]
[247937, 16]
[247970, 181]
[248026, 130]
[248141, 12]
[248170, 14]
[248170, 24]
[248244, 161]
[248302, 25]
[248572, 11]
[248572, 38]
[248572, 19]
[248634, 17]
[248742, 25]
[248742, 48]
[248786, 15]
[248786, 12]
[248790, 139]
[248790, 114]
[248803, 110]
[248803, 131]
[248803, 118]
[248803, 15]
[248803, 150]
[248803, 48]
[248967, 16]
[249031, 29]
[249034, 19]
[249084, 11]
[249084, 36]
[249084, 161]
[249084, 108]
[249084, 48]
[249293, 23]
[249293, 11]
[249293, 34]
[249293, 25]
[249413, 16]
[249475, 42]
[249475, 18]
[249488, 33]
[249492, 153]
[249527, 82]
[249609, 121]
[249712, 25]
[249733, 13]
[249765, 15]
[249816, 74]
[249882, 13]
[249985, 87]
[250005, 100]
[250029, 27]
[250168, 11]
[250200, 99]
[250275, 39]
[250275, 34]
[250299, 11]
[250400, 17]
[250400, 38]
[250400, 13]
[250400, 73]
[250495, 11]
[250495, 11]
[250495, 44]
[250495, 76]
[250510, 19]
[250523, 33]
[250560, 165]
[250560, 12]
[250560, 22]
[250624, 11]
[250843, 11]
[250975, 11]
[251006, 128]
[251071, 19]
[251102, 15]
[251102, 11]
[251184, 159]
[251195, 171]
[251277, 98]
[251301, 14]
[251301, 135]
[251335, 23]
[251343, 23]
[251345, 11]
[251365, 113]
[251389, 22]
[251451, 12]
[251606, 101]
[251959, 14]
[252039, 31]
[252143, 22]
[252143, 45]
[252160, 21]
[252196, 20]
[252272, 15]
[252272, 15]
[252272, 97]
[252282, 34]
[252365, 18]
[252469, 27]
[252512, 37]
[252534, 171]
[252581, 24]
[252622, 14]
[252622, 11]
[252622, 18]
[252622, 19]
[252622, 11]
[252622, 15]
[252622, 38]
[252622, 21]
[252622, 56]
[252637, 15]
[252723, 12]
[252752, 108]
[252768, 33]
[252990, 85]
[252995, 12]
[253247, 12]
[253273, 167]
[253379, 13]
[253410, 146]
[253410, 25]
[253410, 179]
[253410, 25]
[253410, 22]
[253482, 14]
[253564, 16]
[253748, 81]
[253794, 14]
[253794, 12]
[253794, 39]
[253843, 171]
[253864, 161]
[253864, 11]
[253955, 13]
[253960, 14]
[254145, 141]
[254145, 83]
[254307, 20]
[254336, 14]
[254336, 29]
[254461, 11]
[254461, 26]
[254541, 135]
[254622, 12]
[254622, 11]
[254695, 45]
[254695, 47]
[254695, 12]
[254757, 12]
[254757, 20]
[254898, 53]
[255076, 17]
[255295, 16]
[255324, 16]
[255374, 139]
[255374, 119]
[255374, 12]
[255374, 110]
[255577, 15]
[255601, 75]
[255614, 11]
[255615, 12]
[255657, 11]
[255657, 23]
[255657, 41]
[255657, 22]
[255662, 22]
[255662, 12]
[255680, 171]
[255692, 11]
[255692, 22]
[255724, 17]
[255781, 51]
[255791, 17]
[255806, 100]
[255844, 124]
[255858, 16]
[255891, 13]
[255895, 18]
[255905, 17]
[255951, 30]
[255951, 75]
[255979, 14]
[255979, 11]
[256117, 92]
[256120, 16]
[256282, 12]
[256423, 21]
[256472, 147]
[256579, 11]
[256579, 12]
[256582, 12]
[256653, 18]
[256895, 14]
[256925, 157]
[257064, 18]
[257115, 48]
[257115, 39]
[257139, 26]
[257206, 127]
[257343, 17]
[257365, 147]
[257433, 59]
[257545, 12]
[257545, 118]
[257611, 105]
[257750, 19]
[257750, 13]
[257891, 98]
[257891, 11]
[257891, 23]
[257891, 37]
[257900, 14]
[257900, 11]
[257987, 11]
[257987, 19]
[258050, 11]
[258050, 73]
[258131, 29]
[258158, 133]
[258313, 117]
[258392, 76]
[258510, 17]
[258519, 16]
[258564, 12]
[258667, 13]
[258883, 70]
[258943, 15]
[259081, 20]
[259108, 13]
[259221, 66]
[259243, 163]
[259243, 39]
[259243, 35]
[259282, 18]
[259330, 19]
[259397, 131]
[259411, 12]
[259411, 15]
[259411, 19]
[259461, 13]
[259493, 19]
[259493, 61]
[259561, 140]
[259589, 121]
[259648, 17]
[259673, 14]
[259673, 106]
[259673, 115]
[259673, 13]
[259673, 175]
[259731, 12]
[259867, 14]
[259867, 30]
[259941, 11]
[260013, 25]
[260060, 70]
[260060, 178]
[260060, 44]
[260155, 17]
[260327, 18]
[260373, 28]
[260373, 49]
[260389, 17]
[260425, 12]
[260428, 12]
[260591, 12]
[260638, 42]
[260638, 21]
[260638, 17]
[260766, 12]
[260847, 21]
[261250, 15]
[261357, 14]
[261357, 12]
[261379, 149]
[261379, 99]
[261435, 168]
[261526, 33]
[261526, 25]
[261619, 16]
[261640, 19]
[261682, 16]
[261682, 30]
[261689, 83]
[261717, 42]
[261807, 85]
[261828, 156]
[262222, 14]
[262254, 21]
[262257, 21]
[262349, 22]
[262359, 21]
[262359, 74]
[262359, 34]
[262401, 127]
[262582, 14]
[262796, 100]
[262831, 14]
[262882, 137]
[263248, 12]
[263408, 17]
[263423, 11]
[263475, 11]
[263530, 12]
[263530, 102]
[263610, 178]
[263687, 38]
[263768, 22]
[263836, 107]
[263976, 180]
[264039, 15]
[264039, 14]
[264039, 19]
[264039, 98]
[264068, 25]
[264123, 14]
[264146, 14]
[264146, 24]
[264206, 75]
[264291, 20]
[264312, 19]
[264332, 12]
[264374, 17]
[264420, 16]
[264430, 16]
[264431, 31]
[264615, 25]
[264653, 135]
[264678, 11]
[264678, 26]
[264711, 18]
[264789, 17]
[264789, 12]
[264812, 32]
[264812, 83]
[264840, 12]
[264902, 137]
[264919, 134]
[264933, 15]
[264933, 12]
[264948, 113]
[264948, 45]
[264948, 151]
[264995, 12]
[265065, 17]
[265096, 16]
[265096, 175]
[265125, 20]
[265469, 84]
[265469, 156]
[265482, 101]
[265482, 15]
[265482, 29]
[265522, 17]
[265608, 11]
[265629, 12]
[265706, 11]
[265706, 139]
[265706, 21]
[265756, 17]
[265756, 180]
[265966, 44]
[266167, 68]
[266167, 110]
[266167, 128]
[266167, 16]
[266379, 24]
[266381, 126]
[266398, 140]
[266398, 17]
[266398, 56]
[266398, 27]
[266427, 13]
[266427, 36]
[266445, 51]
[266462, 167]
[266462, 141]
[266466, 20]
[266580, 12]
[266608, 131]
[266679, 104]
[266885, 17]
[266966, 173]
[266984, 20]
[267033, 34]
[267033, 12]
[267060, 134]
[267060, 150]
[267195, 11]
[267350, 18]
[267350, 119]
[267461, 97]
[267542, 13]
[267587, 88]
[267769, 11]
[267910, 128]
[267978, 171]
[267978, 14]
[268177, 172]
[268300, 11]
[268316, 86]
[268356, 17]
[268416, 75]
[268464, 20]
[268518, 17]
[268640, 72]
[268640, 176]
[268640, 11]
[268640, 26]
[268640, 160]
[268640, 31]
[268640, 23]
[268676, 21]
[268719, 17]
[268775, 17]
[268775, 161]
[268775, 85]
[268775, 135]
[268778, 11]
[268797, 20]
[268797, 34]
[268831, 13]
[268831, 42]
[268831, 13]
[268831, 11]
[268833, 15]
[268945, 15]
[269068, 63]
[269068, 39]
[269135, 14]
[269368, 11]
[269368, 13]
[269368, 31]
[269401, 90]
[269414, 42]
[269617, 14]
[269675, 11]
[269691, 16]
[269755, 16]
[270000, 11]
[270000, 35]
[270040, 14]
[270117, 27]
[270255, 16]
[270255, 11]
[270340, 11]
[270340, 175]
[270340, 16]
[270488, 79]
[270549, 11]
[270591, 12]
[270625, 108]
[270766, 17]
[270784, 107]
[270881, 12]
[270930, 123]
[270973, 37]
[271220, 46]
[271295, 11]
[271453, 11]
[271456, 23]
[271494, 17]
[271596, 18]
[271633, 22]
[271638, 26]
[271643, 53]
[271654, 149]
[271749, 22]
[271828, 42]
[271828, 71]
[271846, 152]
[271977, 18]
[272091, 15]
[272127, 19]
[272127, 51]
[272127, 149]
[272378, 12]
[272583, 161]
[272744, 31]
[272986, 180]
[272986, 175]
[272987, 17]
[273106, 12]
[273110, 16]
[273110, 53]
[273236, 168]
[273529, 12]
[273537, 15]
[273537, 11]
[273632, 11]
[273840, 21]
[273925, 17]
[273995, 114]
[273995, 69]
[274175, 14]
[274201, 85]
[274270, 15]
[274270, 12]
[274314, 15]
[274314, 14]
[274348, 17]
[274390, 119]
[274400, 11]
[274425, 101]
[274469, 32]
[274469, 71]
[274690, 90]
[274801, 39]
[274832, 12]
[275006, 27]
[275014, 61]
[275031, 127]
[275188, 168]
[275188, 161]
[275247, 14]
[275247, 24]
[275255, 34]
[275418, 13]
[275418, 11]
[275567, 144]
[275567, 23]
[275581, 158]
[275595, 16]
[275674, 27]
[275674, 11]
[275704, 145]
[275704, 27]
[275704, 17]
[275704, 157]
[275716, 170]
[275716, 12]
[275731, 16]
[275731, 30]
[275731, 35]
[275792, 56]
[275792, 38]
[275850, 19]
[275919, 20]
[276028, 59]
[276101, 35]
[276101, 73]
[276101, 16]
[276101, 13]
[276161, 85]
[276161, 12]
[276161, 117]
[276161, 118]
[276161, 45]
[276265, 25]
[276487, 15]
[276564, 15]
[276971, 64]
[276971, 174]
[276988, 146]
[276988, 29]
[276988, 23]
[276989, 12]
[276993, 12]
[277025, 12]
[277108, 134]
[277155, 16]
[277370, 90]
[277370, 39]
[277482, 21]
[277482, 15]
[277482, 12]
[277482, 132]
[277696, 103]
[277715, 110]
[277900, 15]
[277902, 21]
[277920, 24]
[277968, 165]
[278033, 81]
[278041, 64]
[278046, 11]
[278046, 24]
[278046, 14]
[278078, 12]
[278113, 16]
[278300, 136]
[278363, 31]
[278378, 18]
[278378, 120]
[278554, 16]
[278580, 30]
[278774, 13]
[278945, 67]
[279078, 18]
[279150, 12]
[279258, 69]
[279258, 22]
[279258, 116]
[279262, 24]
[279299, 12]
[279309, 16]
[279403, 15]
[279403, 19]
[279617, 56]
[279626, 158]
[279680, 15]
[279707, 153]
[279862, 15]
[279862, 147]
[279988, 12]
[280063, 14]
[280063, 24]
[280155, 15]
[280215, 134]
[280373, 16]
[280373, 13]
[280373, 35]
[280373, 53]
[280482, 171]
[280545, 150]
[280545, 94]
[280547, 22]
[280608, 173]
[280679, 14]
[280716, 45]
[280878, 64]
[280938, 167]
[280938, 181]
[280938, 31]
[280938, 98]
[281004, 151]
[281009, 94]
[281009, 15]
[281013, 19]
[281013, 15]
[281013, 38]
[281104, 14]
[281120, 128]
[281121, 158]
[281166, 22]
[281195, 23]
[281195, 20]
[281282, 178]
[281434, 15]
[281470, 79]
[281483, 18]
[281507, 16]
[281507, 11]
[281513, 11]
[281584, 14]
[281584, 100]
[281742, 22]
[281848, 19]
[281859, 11]
[281948, 39]
[281949, 19]
[281949, 27]
[281949, 107]
[282013, 11]
[282040, 13]
[282040, 135]
[282040, 25]
[282040, 50]
[282103, 11]
[282103, 30]
[282145, 11]
[282147, 12]
[282344, 13]
[282344, 12]
[282344, 110]
[282398, 175]
[282403, 12]
[282427, 20]
[282427, 14]
[282432, 14]
[282444, 13]
[282521, 15]
[282569, 38]
[282591, 149]
[282603, 112]
[282645, 182]
[282668, 15]
[282669, 31]
[282669, 19]
[282718, 145]
[282739, 16]
[282757, 17]
[282757, 12]
[282767, 32]
[282844, 109]
[282954, 72]
[282966, 46]
[282966, 29]
[282966, 140]
[283078, 180]
[283078, 21]
[283078, 36]
[283166, 30]
[283166, 22]
[283174, 11]
[283194, 18]
[283194, 134]
[283194, 34]
[283197, 11]
[283397, 16]
[283504, 17]
[283657, 16]
[283673, 174]
[283734, 11]
[283815, 46]
[283815, 87]
[283815, 55]
[283815, 96]
[283815, 46]
[283845, 20]
[283845, 29]
[283917, 150]
[283917, 104]
[283917, 159]
[283948, 139]
[283980, 20]
[284010, 12]
[284018, 49]
[284094, 138]
[284174, 116]
[284174, 134]
[284174, 148]
[284174, 29]
[284466, 20]
[284490, 164]
[284511, 15]
[284511, 30]
[284600, 148]
[284611, 76]
[284691, 141]
[284756, 23]
[285153, 23]
[285165, 132]
[285169, 12]
[285215, 162]
[285218, 103]
[285303, 142]
[285332, 43]
[285416, 32]
[285450, 31]
[285592, 17]
[285660, 31]
[285719, 11]
[285749, 12]
[285775, 27]
[285847, 16]
[285936, 160]
[286062, 65]
[286179, 17]
[286209, 22]
[286209, 46]
[286209, 141]
[286209, 27]
[286209, 11]
[286209, 64]
[286321, 11]
[286439, 19]
[286465, 22]
[286728, 25]
[286728, 25]
[286776, 78]
[286873, 11]
[286990, 112]
[286990, 24]
[287073, 32]
[287127, 18]
[287127, 19]
[287223, 28]
[287309, 19]
[287312, 11]
[287351, 86]
[287404, 45]
[287490, 17]
[287490, 90]
[287508, 15]
[287530, 15]
[287580, 20]
[287583, 106]
[287583, 81]
[287635, 13]
[287721, 19]
[287752, 17]
[287762, 12]
[287858, 167]
[287972, 25]
[287972, 33]
[288006, 15]
[288200, 35]
[288284, 15]
[288284, 14]
[288377, 116]
[288377, 17]
[288602, 14]
[288746, 18]
[288782, 91]
[288782, 18]
[288782, 15]
[288853, 120]
[288945, 57]
[288958, 13]
[289212, 16]
[289261, 21]
[289325, 30]
[289332, 11]
[289597, 56]
[289749, 18]
[289853, 112]
[289853, 85]
[289853, 13]
[290008, 50]
[290077, 105]
[290083, 94]
[290083, 15]
[290099, 136]
[290145, 17]
[290145, 12]
[290145, 39]
[290156, 19]
[290286, 75]
[290349, 26]
[290364, 17]
[290369, 17]
[290511, 20]
[290511, 25]
[290683, 12]
[290723, 11]
[290723, 23]
[290723, 12]
[290723, 18]
[290744, 12]
[290752, 12]
[290897, 101]
[290961, 97]
[291094, 155]
[291156, 39]
[291259, 49]
[291270, 94]
[291270, 137]
[291270, 15]
[291310, 17]
[291336, 92]
[291478, 127]
[291478, 19]
[291582, 27]
[291724, 12]
[291972, 21]
[291972, 16]
[291972, 17]
[291972, 11]
[291972, 179]
[291972, 20]
[291972, 22]
[292045, 17]
[292084, 33]
[292084, 16]
[292146, 16]
[292149, 17]
[292156, 17]
[292156, 130]
[292288, 11]
[292323, 12]
[292340, 26]
[292404, 12]
[292404, 18]
[292415, 70]
[292415, 15]
[292582, 27]
[292582, 43]
[292599, 26]
[292599, 15]
[292620, 162]
[292765, 15]
[292786, 104]
[292791, 49]
[292845, 14]
[292875, 12]
[292885, 16]
[292885, 13]
[292895, 52]
[292935, 43]
[293011, 12]
[293052, 46]
[293180, 141]
[293182, 15]
[293211, 60]
[293299, 16]
[293476, 19]
