[168, 25]
[168, 179]
[310, 17]
[375, 16]
[375, 15]
[386, 117]
[401, 18]
[401, 170]
[424, 60]
[642, 16]
[642, 19]
[644, 171]
[870, 51]
[870, 124]
[926, 151]
[1059, 41]
[1119, 11]
[1221, 171]
[1240, 12]
[1264, 78]
[1269, 11]
[1269, 22]
[1269, 88]
[1407, 19]
[1488, 117]
[1488, 169]
[1654, 11]
[1903, 108]
[1903, 17]
[1985, 91]
[1986, 85]
[2043, 11]
[2135, 173]
[2213, 14]
[2353, 149]
[2353, 18]
[2528, 56]
[2599, 178]
[2699, 157]
[2835, 140]
[2836, 17]
[2914, 52]
[2952, 100]
[2952, 60]
[2971, 43]
[2975, 150]
[3057, 114]
[3462, 175]
[3496, 169]
[3512, 168]
[3513, 17]
[3538, 13]
[3751, 23]
[3755, 17]
[3768, 12]
[3790, 33]
[3852, 24]
[3955, 107]
[4009, 12]
[4452, 14]
[4549, 17]
[4648, 17]
[4729, 12]
[4792, 161]
[4792, 159]
[4792, 60]
[4877, 47]
[4877, 151]
[4877, 47]
[4911, 149]
[4989, 13]
[5079, 71]
[5114, 25]
[5114, 105]
[5124, 16]
[5157, 60]
[5157, 25]
[5157, 12]
[5179, 24]
[5397, 109]
[5411, 42]
[5426, 19]
[5426, 16]
[5426, 17]
[5484, 12]
[5488, 46]
[5555, 16]
[5633, 80]
[5697, 135]
[5789, 13]
[5833, 145]
[5877, 113]
[6533, 63]
[6533, 26]
[6533, 23]
[6533, 20]
[6533, 46]
[6558, 105]
[6570, 12]
[6599, 122]
[6599, 62]
[6687, 18]
[6855, 179]
[6886, 17]
[6886, 29]
[6898, 102]
[6907, 17]
[6928, 95]
[7002, 14]
[7002, 111]
[7147, 136]
[7217, 15]
[7300, 142]
[7300, 182]
[7300, 108]
[7544, 136]
[7644, 64]
[7644, 28]
[7804, 74]
[7921, 75]
[7925, 73]
[8019, 20]
[8119, 18]
[8336, 114]
[8361, 140]
[8406, 21]
[8425, 52]
[8533, 57]
[8702, 137]
[8702, 22]
[8757, 20]
[8757, 13]
[8757, 67]
[8847, 171]
[8911, 12]
[8911, 14]
[9008, 175]
[9041, 11]
[9129, 13]
[9151, 12]
[9202, 16]
[9248, 102]
[9426, 18]
[9631, 89]
[9649, 121]
[9695, 41]
[9695, 85]
[9695, 156]
[9695, 176]
[9695, 33]
[9725, 135]
[9742, 108]
[9754, 22]
[9995, 17]
[10007, 20]
[10043, 86]
[10121, 122]
[10275, 15]
[10275, 11]
[10315, 147]
[10342, 18]
[10342, 126]
[10756, 103]
[10777, 39]
[10779, 17]
[10872, 13]
[10914, 19]
[10997, 11]
[11068, 17]
[11170, 12]
[11238, 86]
[11437, 23]
[11441, 171]
[11502, 182]
[11917, 17]
[11919, 160]
[12031, 29]
[12031, 95]
[12098, 17]
[12145, 12]
[12148, 11]
[12180, 22]
[12245, 150]
[12256, 138]
[12265, 15]
[12419, 126]
[12419, 147]
[12421, 13]
[12421, 22]
[12478, 20]
[12755, 139]
[12755, 59]
[12755, 134]
[12809, 173]
[12858, 35]
[12979, 16]
[13097, 19]
[13226, 37]
[13226, 123]
[13241, 17]
[13245, 68]
[13514, 72]
[13534, 22]
[13583, 43]
[13630, 12]
[13932, 31]
[14117, 154]
[14292, 22]
[14807, 13]
[14881, 11]
[14897, 16]
[15167, 19]
[15173, 16]
[15187, 12]
[15291, 110]
[15333, 171]
[15333, 38]
[15403, 17]
[15412, 129]
[15412, 85]
[15412, 175]
[15413, 11]
[15725, 14]
[15725, 17]
[16039, 22]
[16118, 140]
[16140, 17]
[16236, 144]
[16269, 104]
[16269, 19]
[16340, 15]
[16340, 24]
[16340, 13]
[16340, 11]
[16340, 63]
[16340, 12]
[16340, 23]
[16340, 143]
[16345, 96]
[16382, 12]
[16433, 16]
[16527, 11]
[16561, 153]
[16606, 120]
[16658, 122]
[16810, 28]
[16810, 25]
[16810, 29]
[16823, 11]
[16854, 144]
[17040, 11]
[17183, 32]
[17271, 135]
[17271, 41]
[17271, 23]
[17310, 17]
[17452, 14]
[17512, 20]
[17518, 15]
[17540, 22]
[17720, 22]
[18036, 85]
[18080, 28]
[18120, 137]
[18196, 11]
[18200, 64]
[18444, 20]
[18642, 60]
[18655, 27]
[18662, 38]
[18697, 15]
[18829, 16]
[18908, 20]
[18908, 66]
[18908, 22]
[18925, 63]
[18976, 91]
[18976, 160]
[19117, 32]
[19140, 16]
[19257, 101]
[19367, 113]
[19375, 118]
[19375, 107]
[19375, 110]
[19378, 148]
[19381, 43]
[19381, 131]
[19765, 108]
[19805, 15]
[19946, 26]
[19997, 11]
[20014, 30]
[20266, 14]
[20316, 14]
[20387, 17]
[20439, 16]
[20439, 162]
[20533, 171]
[20533, 121]
[20692, 12]
[20692, 131]
[20692, 107]
[20895, 20]
[20975, 121]
[21163, 140]
[21208, 142]
[21219, 13]
[21250, 158]
[21276, 20]
[21325, 84]
[21397, 16]
[21486, 159]
[21528, 181]
[21572, 23]
[21572, 12]
[21583, 19]
[21583, 129]
[21583, 105]
[21583, 25]
[21583, 65]
[21583, 179]
[21708, 12]
[21760, 109]
[21780, 12]
[21802, 172]
[22126, 88]
[22126, 21]
[22154, 73]
[22176, 58]
[22216, 12]
[22216, 110]
[22269, 11]
[22276, 17]
[22306, 11]
[22409, 15]
[22444, 123]
[22444, 145]
[22444, 32]
[22444, 23]
[22510, 15]
[22612, 14]
[22672, 11]
[22745, 11]
[22876, 115]
[23189, 14]
[23249, 133]
[23249, 12]
[23466, 131]
[23509, 65]
[23531, 66]
[23550, 17]
[23564, 19]
[23564, 13]
[23614, 166]
[23614, 18]
[23614, 12]
[23630, 19]
[23782, 12]
[23782, 22]
[23949, 12]
[24136, 51]
[24310, 63]
[24366, 12]
[24366, 16]
[24448, 13]
[24484, 20]
[24538, 11]
[24568, 15]
[24568, 14]
[24579, 30]
[24628, 17]
[24698, 16]
[24699, 45]
[24754, 20]
[24784, 118]
[24784, 21]
[24830, 12]
[24971, 17]
[25109, 43]
[25134, 14]
[25134, 20]
[25134, 148]
[25134, 180]
[25134, 55]
[25190, 27]
[25235, 23]
[25235, 75]
[25243, 152]
[25243, 68]
[25286, 67]
[25288, 15]
[25288, 47]
[25336, 17]
[25376, 16]
[25400, 13]
[25418, 86]
[25418, 35]
[25492, 126]
[25762, 13]
[25762, 18]
[25762, 14]
[25762, 151]
[25762, 181]
[25790, 22]
[25793, 38]
[25805, 19]
[25805, 52]
[25805, 173]
[25863, 127]
[25962, 180]
[26189, 138]
[26189, 21]
[26190, 15]
[26190, 14]
[26190, 20]
[26190, 14]
[26191, 19]
[26191, 30]
[26206, 19]
[26439, 149]
[26596, 17]
[26596, 11]
[26658, 20]
[26724, 13]
[26726, 11]
[26776, 11]
[26785, 23]
[26848, 126]
[26986, 15]
[27038, 18]
[27201, 17]
[27247, 17]
[27328, 26]
[27328, 54]
[27343, 14]
[27413, 84]
[27413, 25]
[27443, 11]
[27533, 11]
[27564, 13]
[27605, 60]
[27605, 11]
[27685, 11]
[27961, 22]
[28179, 104]
[28316, 25]
[28415, 15]
[28498, 11]
[28544, 114]
[28647, 13]
[28799, 16]
[28872, 13]
[29086, 83]
[29205, 141]
[29220, 17]
[29236, 170]
[29409, 15]
[29503, 13]
[29585, 11]
[29585, 172]
[29585, 15]
[29586, 18]
[29586, 168]
[29600, 45]
[29647, 96]
[29678, 114]
[29685, 17]
[30020, 138]
[30056, 12]
[30112, 13]
[30116, 43]
[30362, 11]
[30383, 17]
[30383, 19]
[30383, 83]
[30532, 101]
[30592, 13]
[30592, 18]
[30592, 82]
[30612, 17]
[30639, 57]
[30694, 12]
[30992, 120]
[31123, 19]
[31251, 34]
[31371, 29]
[31417, 57]
[31442, 14]
[31523, 20]
[31640, 14]
[31686, 11]
[31686, 22]
[31686, 44]
[31780, 97]
[31780, 128]
[31780, 14]
[31780, 177]
[31780, 92]
[31871, 14]
[31871, 123]
[31951, 80]
[31951, 18]
[31951, 17]
[31951, 101]
[31974, 11]
[31974, 15]
[32047, 109]
[32161, 16]
[32265, 15]
[32265, 12]
[32311, 15]
[32591, 150]
[32721, 22]
[32721, 159]
[32737, 17]
[32862, 13]
[32898, 14]
[33060, 25]
[33184, 19]
[33222, 21]
[33331, 100]
[33392, 11]
[33475, 17]
[33486, 79]
[33564, 93]
[33640, 117]
[34033, 158]
[34033, 54]
[34053, 109]
[34053, 24]
[34137, 107]
[34155, 16]
[34385, 19]
[34393, 13]
[34408, 60]
[34431, 124]
[34486, 102]
[34502, 129]
[34502, 44]
[34550, 17]
[34550, 22]
[34550, 87]
[34624, 52]
[34661, 174]
[34661, 12]
[34739, 12]
[34983, 20]
[35020, 106]
[35120, 17]
[35149, 157]
[35149, 47]
[35203, 133]
[35203, 105]
[35203, 114]
[35230, 14]
[35400, 159]
[35490, 57]
[35533, 95]
[35561, 25]
[35573, 174]
[35573, 176]
[35669, 17]
[35681, 17]
[35681, 140]
[35699, 17]
[35699, 18]
[35771, 171]
[35789, 126]
[35789, 154]
[35913, 11]
[35915, 35]
[35991, 11]
[36065, 39]
[36103, 12]
[36118, 42]
[36217, 16]
[36222, 177]
[36222, 61]
[36230, 11]
[36318, 13]
[36318, 31]
[36342, 15]
[36440, 87]
[36440, 13]
[36440, 24]
[36448, 23]
[36517, 115]
[36547, 169]
[36578, 143]
[36599, 13]
[36599, 26]
[36599, 80]
[36622, 19]
[36635, 16]
[36796, 162]
[37009, 16]
[37070, 16]
[37093, 18]
[37109, 13]
[37109, 17]
[37160, 168]
[37162, 119]
[37214, 11]
[37234, 17]
[37372, 42]
[37410, 160]
[37414, 20]
[37476, 13]
[37483, 74]
[37513, 32]
[37523, 71]
[37582, 18]
[37666, 20]
[37666, 16]
[37823, 115]
[37894, 62]
[37911, 16]
[37947, 18]
[38052, 15]
[38101, 132]
[38211, 17]
[38241, 17]
[38241, 165]
[38307, 26]
[38307, 13]
[38307, 15]
[38393, 172]
[38443, 15]
[38496, 15]
[38496, 12]
[38612, 145]
[38630, 11]
[38630, 18]
[38793, 11]
[38794, 121]
[38794, 18]
[38799, 101]
[38914, 140]
[39005, 143]
[39005, 90]
[39020, 17]
[39053, 86]
[39133, 14]
[39427, 19]
[39462, 66]
[39462, 12]
[39471, 114]
[39751, 154]
[40010, 115]
[40023, 24]
[40080, 181]
[40242, 13]
[40354, 13]
[40474, 68]
[40474, 70]
[40646, 17]
[40660, 12]
[40660, 25]
[40664, 107]
[40687, 16]
[40887, 94]
[40897, 17]
[40945, 164]
[40992, 15]
[41013, 11]
[41167, 68]
[41504, 14]
[41608, 169]
[41608, 70]
[42100, 124]
[42105, 106]
[42105, 12]
[42268, 148]
[42332, 64]
[42337, 21]
[42507, 16]
[42552, 107]
[42552, 16]
[42574, 21]
[42574, 17]
[42608, 11]
[42724, 99]
[43010, 18]
[43010, 171]
[43061, 16]
[43632, 14]
[43671, 60]
[43811, 13]
[43812, 13]
[43812, 13]
[43844, 118]
[43903, 13]
[43979, 11]
[43979, 18]
[43985, 11]
[44024, 13]
[44058, 14]
[44200, 12]
[44218, 123]
[44218, 11]
[44490, 15]
[44490, 154]
[44614, 14]
[44733, 30]
[44900, 74]
[44926, 20]
[44934, 17]
[44934, 104]
[44959, 17]
[44992, 107]
[45074, 166]
[45139, 11]
[45394, 88]
[45398, 61]
[45466, 16]
[45651, 16]
[45651, 146]
[45748, 141]
[45884, 12]
[45905, 18]
[45992, 46]
[46123, 18]
[46123, 11]
[46123, 20]
[46123, 21]
[46227, 53]
[46306, 15]
[46315, 13]
[46466, 171]
[46509, 26]
[46533, 131]
[46551, 108]
[46660, 19]
[46880, 17]
[46880, 11]
[46912, 11]
[46912, 17]
[46920, 23]
[46975, 12]
[46996, 13]
[47200, 19]
[47200, 25]
[47200, 11]
[47200, 11]
[47256, 18]
[47285, 12]
[47691, 116]
[47696, 81]
[47696, 80]
[47944, 33]
[48104, 29]
[48104, 22]
[48104, 79]
[48441, 19]
[48559, 182]
[48626, 31]
[48668, 11]
[48782, 19]
[48898, 17]
[49231, 67]
[49501, 16]
[49526, 19]
[49537, 12]
[49582, 13]
[49582, 44]
[49598, 15]
[49750, 107]
[49765, 11]
[49783, 151]
[49859, 13]
[49859, 19]
[49973, 18]
[50105, 16]
[50255, 157]
[50324, 152]
[50324, 19]
[50387, 55]
[50673, 12]
[50684, 17]
[50744, 14]
[50754, 87]
[50754, 11]
[50819, 51]
[51132, 18]
[51190, 17]
[51190, 19]
[51644, 83]
[52181, 57]
[52286, 53]
[52383, 158]
[52387, 110]
[52387, 11]
[52387, 149]
[52387, 39]
[52387, 17]
[52390, 119]
[52390, 182]
[52398, 17]
[52432, 109]
[52497, 80]
[52582, 17]
[52644, 97]
[52670, 18]
[52840, 113]
[53153, 17]
[53274, 13]
[53633, 17]
[53768, 19]
[53850, 16]
[53980, 69]
[54053, 12]
[54127, 39]
[54306, 23]
[54449, 122]
[54579, 134]
[54807, 22]
[54995, 80]
[55117, 14]
[55140, 53]
[55230, 90]
[55247, 44]
[55527, 76]
[55579, 13]
[55772, 20]
[55772, 49]
[55879, 115]
[55991, 16]
[56302, 15]
[56309, 17]
[56324, 55]
[56324, 12]
[56580, 15]
[56649, 17]
[56858, 17]
[56858, 17]
[56911, 143]
[56983, 90]
[57393, 12]
[57393, 72]
[57404, 112]
[57429, 15]
[57429, 22]
[57429, 18]
[57491, 57]
[57491, 177]
[57491, 11]
[57491, 18]
[57591, 14]
[57686, 88]
[57704, 117]
[57704, 13]
[57814, 167]
[57910, 170]
[57910, 80]
[58075, 11]
[58075, 158]
[58075, 21]
[58075, 16]
[58092, 19]
[58173, 14]
[58194, 18]
[58209, 66]
[58240, 34]
[58343, 178]
[58412, 180]
[58412, 99]
[58448, 16]
[58488, 58]
[58542, 16]
[58599, 67]
[58618, 17]
[58764, 17]
[58801, 63]
[59395, 13]
[59575, 139]
[59623, 18]
[59645, 12]
[59754, 99]
[59754, 13]
[59784, 76]
[59784, 58]
[59938, 18]
[59938, 27]
[59947, 11]
[59961, 172]
[59971, 11]
[59971, 19]
[59975, 16]
[60144, 13]
[60202, 80]
[60202, 131]
[60202, 136]
[60202, 11]
[60328, 14]
[60392, 20]
[60504, 22]
[60529, 13]
[60642, 177]
[60683, 84]
[60683, 22]
[60759, 136]
[60826, 166]
[60853, 86]
[61026, 17]
[61044, 12]
[61123, 19]
[61123, 168]
[61405, 15]
[61704, 75]
[61939, 17]
[61953, 20]
[61979, 13]
[62243, 13]
[62263, 167]
[62300, 16]
[62300, 13]
[62452, 18]
[62806, 77]
[63154, 166]
[63289, 173]
[63327, 25]
[63335, 147]
[63433, 135]
[63533, 15]
[63533, 24]
[63533, 18]
[63888, 91]
[63994, 17]
[64153, 17]
[64313, 12]
[64607, 63]
[64607, 15]
[64901, 102]
[64980, 119]
[65193, 17]
[65387, 50]
[65685, 171]
[65685, 171]
[65749, 13]
[65876, 15]
[65932, 15]
[65962, 117]
[66014, 47]
[66088, 12]
[66099, 17]
[66203, 73]
[66266, 100]
[66387, 15]
[66478, 13]
[66487, 14]
[66663, 19]
[66663, 20]
[66775, 121]
[66787, 136]
[66805, 160]
[67105, 18]
[67145, 123]
[67145, 11]
[67262, 167]
[67753, 113]
[67841, 120]
[67954, 13]
[68017, 154]
[68142, 15]
[68196, 151]
[68555, 18]
[68613, 162]
[68621, 75]
[68621, 13]
[68667, 11]
[68682, 72]
[68999, 17]
[69171, 11]
[69259, 179]
[69293, 11]
[69320, 17]
[69335, 91]
[69335, 13]
[69381, 119]
[69398, 19]
[69429, 12]
[69530, 11]
[69627, 34]
[69627, 25]
[69688, 164]
[70068, 27]
[70116, 13]
[70238, 127]
[70301, 28]
[70401, 19]
[70527, 133]
[70571, 25]
[70794, 127]
[70907, 15]
[70907, 24]
[70907, 14]
[70948, 17]
[71083, 18]
[71083, 13]
[71083, 21]
[71257, 167]
[71322, 15]
[71564, 12]
[71947, 161]
[71947, 18]
[71972, 13]
[71982, 122]
[72095, 14]
[72095, 22]
[72247, 19]
[72247, 16]
[72274, 17]
[72274, 22]
[72445, 85]
[72512, 86]
[72781, 33]
[72893, 15]
[72965, 45]
[73480, 90]
[73556, 89]
[73581, 15]
[73601, 28]
[73601, 161]
[73601, 139]
[73601, 139]
[73601, 105]
[73602, 37]
[73660, 52]
[73676, 55]
[73676, 23]
[74007, 86]
[74054, 11]
[74054, 14]
[74054, 73]
[74083, 142]
[74222, 11]
[74223, 11]
[74348, 18]
[74410, 29]
[74410, 130]
[74410, 177]
[74417, 15]
[74766, 19]
[74857, 19]
[74892, 18]
[74960, 97]
[75006, 21]
[75277, 165]
[75300, 156]
[75440, 13]
[75482, 108]
[75609, 14]
[75650, 63]
[75657, 13]
[75742, 102]
[75776, 21]
[76026, 21]
[76026, 11]
[76069, 25]
[76245, 167]
[76310, 15]
[76587, 52]
[76662, 17]
[76681, 176]
[76883, 22]
[76883, 14]
[77046, 95]
[77046, 148]
[77046, 39]
[77070, 154]
[77212, 12]
[77214, 12]
[77398, 20]
[77414, 50]
[77414, 16]
[77414, 66]
[77414, 13]
[77506, 50]
[77685, 11]
[77754, 149]
[77890, 17]
[77934, 166]
[78028, 95]
[78049, 12]
[78258, 20]
[78280, 119]
[78502, 43]
[78724, 14]
[78755, 11]
[78858, 12]
[79066, 23]
[79069, 178]
[79069, 22]
[79076, 30]
[79108, 97]
[79108, 132]
[79293, 20]
[79301, 25]
[79301, 22]
[79301, 21]
[79301, 118]
[79301, 18]
[79355, 18]
[79667, 136]
[79844, 60]
[80006, 95]
[80441, 54]
[80441, 92]
[80442, 13]
[80444, 33]
[80663, 23]
[80663, 59]
[80663, 18]
[80685, 159]
[81138, 180]
[81182, 62]
[81232, 16]
[81282, 121]
[81282, 103]
[81558, 123]
[81558, 151]
[81597, 87]
[81597, 22]
[81892, 163]
[81973, 11]
[82010, 12]
[82010, 41]
[82110, 13]
[82110, 22]
[82356, 133]
[82387, 17]
[82398, 13]
[82398, 23]
[82398, 135]
[82398, 35]
[82398, 11]
[82398, 18]
[82430, 13]
[82461, 11]
[82487, 147]
[82487, 139]
[82549, 30]
[82552, 16]
[82569, 15]
[82600, 103]
[82663, 48]
[82836, 16]
[82836, 33]
[82985, 61]
[82992, 16]
[83016, 38]
[83210, 16]
[83339, 12]
[83371, 28]
[83554, 154]
[83571, 11]
[83583, 128]
[83590, 12]
[83590, 18]
[83590, 17]
[83866, 17]
[83901, 23]
[83901, 18]
[84083, 16]
[84122, 14]
[84138, 14]
[84185, 128]
[84212, 37]
[84224, 13]
[84224, 94]
[84319, 17]
[84319, 19]
[84486, 134]
[84538, 128]
[84567, 127]
[84610, 27]
[84624, 107]
[84644, 17]
[84644, 17]
[84875, 77]
[85084, 19]
[85325, 14]
[85415, 159]
[85415, 176]
[85638, 92]
[85743, 174]
[85859, 13]
[85901, 13]
[85901, 32]
[85901, 18]
[86026, 24]
[86353, 13]
[86353, 25]
[86388, 16]
[86412, 157]
[86412, 124]
[86416, 11]
[86435, 12]
[86638, 133]
[86681, 26]
[86681, 148]
[86681, 107]
[86689, 41]
[86726, 97]
[86977, 16]
[87113, 21]
[87128, 158]
[87247, 15]
[87323, 131]
[87395, 16]
[87395, 11]
[87498, 21]
[87552, 11]
[87603, 13]
[87643, 30]
[87919, 22]
[88040, 15]
[88040, 16]
[88239, 11]
[88247, 11]
[88458, 163]
[88458, 175]
[88487, 23]
[88497, 11]
[88710, 16]
[88724, 13]
[88789, 43]
[88789, 167]
[88789, 65]
[88811, 118]
[89062, 17]
[89134, 22]
[89220, 12]
[89333, 13]
[89540, 11]
[89632, 165]
[89671, 94]
[89840, 84]
[89932, 14]
[89945, 15]
[89955, 125]
[90035, 107]
[90170, 12]
[90174, 13]
[90174, 122]
[90191, 38]
[90232, 15]
[90348, 15]
[90519, 16]
[90605, 21]
[90605, 15]
[90696, 138]
[90747, 36]
[91060, 47]
[91151, 116]
[91151, 98]
[91154, 13]
[91219, 140]
[91285, 114]
[91340, 21]
[91408, 174]
[91449, 48]
[91550, 89]
[91788, 179]
[91815, 168]
[92007, 16]
[92107, 32]
[92297, 29]
[92343, 15]
[92343, 49]
[92465, 176]
[92465, 79]
[92474, 61]
[92474, 164]
[92475, 15]
[92489, 178]
[92594, 12]
[92902, 39]
[92951, 98]
[92959, 12]
[92972, 16]
[93074, 14]
[93074, 22]
[93134, 22]
[93224, 19]
[93262, 171]
[93445, 149]
[93469, 69]
[93669, 21]
[93780, 17]
[93873, 15]
[93950, 24]
[94065, 17]
[94065, 16]
[94267, 19]
[94375, 33]
[94375, 90]
[94375, 168]
[94375, 25]
[94375, 147]
[94375, 15]
[94678, 119]
[94707, 24]
[94710, 12]
[94710, 16]
[94726, 17]
[94726, 35]
[94726, 12]
[94748, 143]
[94887, 17]
[94957, 14]
[95000, 175]
[95158, 33]
[95168, 15]
[95295, 11]
[95415, 112]
[95426, 94]
[95561, 15]
[95637, 112]
[95674, 14]
[96019, 139]
[96071, 48]
[96113, 103]
[96155, 128]
[96430, 11]
[96492, 156]
[96560, 14]
[96717, 14]
[96717, 18]
[96772, 16]
[97037, 106]
[97087, 108]
[97088, 125]
[97121, 16]
[97229, 110]
[97229, 138]
[97229, 101]
[97229, 127]
[97280, 14]
[97280, 21]
[97365, 12]
[97586, 112]
[97683, 133]
[97684, 16]
[97684, 140]
[97684, 46]
[97684, 125]
[97684, 176]
[97684, 118]
[97708, 46]
[97752, 52]
[97782, 17]
[97899, 20]
[97963, 104]
[97963, 25]
[97963, 19]
[97973, 164]
[97976, 13]
[97996, 62]
[98105, 17]
[98113, 16]
[98358, 71]
[98507, 182]
[98507, 50]
[98507, 27]
[98507, 15]
[98507, 16]
[98507, 153]
[98621, 79]
[98751, 22]
[98763, 83]
[98763, 73]
[98808, 13]
[98921, 149]
[98983, 23]
[98983, 12]
[98993, 80]
[98993, 151]
[98993, 42]
[98993, 42]
[98993, 34]
[98993, 11]
[98993, 150]
[98993, 27]
[98993, 26]
[98993, 13]
[98993, 28]
[98993, 47]
[98993, 12]
[99004, 97]
[99073, 19]
[99162, 12]
[99162, 16]
[99252, 15]
[99375, 35]
[99627, 50]
[99768, 59]
[99875, 82]
[100158, 97]
[100303, 15]
[100303, 12]
[100303, 106]
[100533, 18]
[100697, 36]
[100758, 15]
[100867, 12]
[100877, 181]
[100877, 15]
[101080, 23]
[101080, 20]
[101120, 143]
[101148, 138]
[101148, 20]
[101166, 20]
[101232, 15]
[101325, 91]
[101631, 84]
[101940, 14]
[101957, 15]
[101957, 24]
[101996, 15]
[102017, 15]
[102169, 16]
[102169, 14]
[102173, 109]
[102412, 176]
[102539, 65]
[102624, 17]
[102849, 19]
[102945, 22]
[102948, 140]
[102951, 95]
[102951, 173]
[103066, 67]
[103066, 109]
[103233, 86]
[103260, 25]
[103275, 131]
[103601, 13]
[103703, 144]
[103753, 20]
[103776, 108]
[103783, 13]
[104122, 94]
[104129, 17]
[104180, 180]
[104299, 127]
[104453, 17]
[104453, 52]
[104454, 165]
[104454, 11]
[104908, 75]
[104921, 125]
[105001, 17]
[105001, 11]
[105016, 36]
[105047, 106]
[105377, 22]
[105628, 58]
[105638, 69]
[105638, 111]
[105721, 95]
[105761, 106]
[105761, 43]
[105809, 14]
[105875, 115]
[105880, 85]
[105974, 59]
[106205, 12]
[106234, 17]
[106479, 16]
[106520, 13]
[106520, 15]
[106548, 126]
[106563, 14]
[106814, 11]
[106998, 50]
[107135, 128]
[107135, 11]
[107232, 179]
[107240, 161]
[107264, 126]
[107305, 14]
[107419, 169]
[107419, 12]
[107623, 13]
[107623, 13]
[107652, 33]
[107738, 20]
[107775, 17]
[107775, 19]
[107826, 16]
[108145, 18]
[108153, 14]
[108153, 82]
[108175, 15]
[108175, 24]
[108201, 107]
[108418, 51]
[108466, 15]
[108869, 89]
[108889, 18]
[108889, 144]
[109061, 18]
[109145, 15]
[109145, 21]
[109145, 12]
[109259, 144]
[109845, 16]
[109864, 17]
[109886, 13]
[109891, 91]
[109891, 86]
[109904, 172]
[109929, 22]
[109939, 50]
[110001, 108]
[110003, 29]
[110003, 12]
[110127, 18]
[110153, 45]
[110166, 173]
[110166, 15]
[110234, 14]
[110281, 180]
[110463, 14]
[110463, 110]
[110589, 19]
[111111, 74]
[111208, 13]
[111243, 13]
[111243, 17]
[111243, 35]
[111327, 18]
[111333, 107]
[111407, 12]
[111407, 92]
[112087, 20]
[112127, 19]
[112129, 15]
[112169, 134]
[112270, 163]
[112370, 15]
[112402, 16]
[112541, 14]
[112690, 17]
[112901, 105]
[113056, 15]
[113275, 17]
[113335, 14]
[113431, 15]
[113474, 164]
[113509, 11]
[113564, 178]
[113775, 18]
[113775, 141]
[113851, 33]
[114023, 143]
[114023, 143]
[114105, 110]
[114253, 20]
[114303, 14]
[114311, 70]
[114311, 16]
[114339, 15]
[114445, 18]
[114550, 180]
[114595, 12]
[114732, 14]
[114732, 15]
[114786, 33]
[114846, 12]
[114953, 107]
[114953, 24]
[115033, 64]
[115033, 11]
[115033, 53]
[115135, 11]
[115252, 16]
[115356, 17]
[115369, 122]
[115562, 57]
[115562, 179]
[115674, 60]
[115849, 15]
[115849, 24]
[115899, 77]
[115927, 19]
[115927, 55]
[115927, 47]
[115927, 21]
[115927, 91]
[116075, 123]
[116095, 109]
[116095, 12]
[116228, 161]
[116276, 14]
[116276, 21]
[116661, 38]
[116665, 12]
[116665, 16]
[116665, 104]
[116665, 82]
[116865, 108]
[117138, 166]
[117293, 16]
[117297, 11]
[117502, 98]
[117676, 11]
[117780, 159]
[117922, 121]
[118003, 17]
[118244, 157]
[118244, 78]
[118291, 14]
[118536, 121]
[118715, 12]
[118993, 12]
[118993, 103]
[119154, 13]
[119209, 83]
[119289, 127]
[119370, 13]
[119431, 13]
[119718, 90]
[119803, 164]
[119864, 156]
[119915, 12]
[119948, 22]
[119969, 12]
[120037, 61]
[120049, 145]
[120122, 129]
[120146, 24]
[120306, 17]
[120545, 83]
[120754, 11]
[120754, 161]
[120863, 35]
[120993, 14]
[120993, 15]
[121026, 27]
[121148, 11]
[121148, 29]
[121494, 134]
[121511, 125]
[121668, 17]
[121668, 72]
[121680, 121]
[121709, 17]
[121710, 127]
[122022, 20]
[122022, 11]
[122022, 101]
[122069, 47]
[122110, 172]
[122202, 15]
[122237, 16]
[122237, 11]
[122377, 47]
[122411, 179]
[122454, 48]
[122454, 22]
[122500, 13]
[122731, 17]
[122731, 36]
[122734, 16]
[122767, 17]
[122767, 118]
[122911, 167]
[122911, 57]
[122911, 103]
[122911, 40]
[123116, 15]
[123256, 148]
[123430, 90]
[123684, 126]
[123897, 43]
[124106, 112]
[124109, 20]
[124109, 20]
[124129, 130]
[124181, 122]
[124290, 11]
[124445, 12]
[124445, 94]
[124463, 13]
[124646, 12]
[124689, 30]
[124713, 16]
[124799, 68]
[125050, 151]
[125204, 25]
[125239, 71]
[125462, 12]
[125462, 108]
[125521, 16]
[125521, 23]
[125634, 109]
[125634, 119]
[125899, 126]
[125899, 15]
[125906, 126]
[126080, 20]
[126080, 71]
[126155, 85]
[126307, 157]
[126340, 17]
[126735, 44]
[126894, 160]
[126899, 138]
[127164, 122]
[127371, 17]
[127371, 18]
[127528, 63]
[127854, 20]
[127947, 90]
[128018, 91]
[128018, 12]
[128159, 16]
[128159, 100]
[128252, 175]
[128332, 159]
[128351, 20]
[128431, 182]
[128572, 11]
[128572, 177]
[128617, 15]
[128749, 89]
[128874, 12]
[128876, 12]
[128969, 89]
[129021, 11]
[129067, 149]
[129178, 88]
[129253, 12]
[129317, 14]
[129363, 160]
[129363, 103]
[129363, 96]
[129504, 16]
[129540, 53]
[129540, 181]
[129572, 20]
[129572, 11]
[129726, 51]
[129838, 88]
[129902, 96]
[129902, 24]
[129905, 136]
[129944, 14]
[129986, 28]
[129987, 114]
[130021, 13]
[130034, 149]
[130078, 18]
[130078, 15]
[130108, 18]
[130108, 73]
[130108, 180]
[130108, 130]
[130117, 13]
[130167, 15]
[130190, 13]
[130288, 16]
[130545, 12]
[130754, 12]
[130996, 17]
[131079, 11]
[131437, 15]
[131523, 147]
[131587, 81]
[131587, 13]
[131873, 107]
[131993, 92]
[132066, 117]
[132195, 12]
[132241, 27]
[132270, 26]
[132335, 29]
[132337, 18]
[132635, 19]
[132641, 67]
[132771, 20]
[132861, 88]
[132861, 25]
[132900, 138]
[133024, 24]
[133188, 108]
[133480, 20]
[133503, 137]
[133587, 11]
[133589, 13]
[133720, 63]
[133985, 21]
[134097, 128]
[134099, 40]
[134271, 11]
[134318, 144]
[134318, 168]
[134420, 106]
[134436, 15]
[134460, 19]
[134713, 116]
[134753, 140]
[134874, 35]
[134874, 166]
[134898, 16]
[134898, 122]
[135116, 22]
[135304, 106]
[135503, 18]
[135575, 94]
[135575, 13]
[135602, 146]
[135602, 128]
[135602, 26]
[135631, 19]
[135685, 17]
[135701, 19]
[135802, 15]
[135802, 26]
[135836, 34]
[136042, 108]
[136058, 16]
[136058, 14]
[136128, 12]
[136128, 62]
[136136, 46]
[136371, 144]
[136422, 12]
[136483, 17]
[136483, 14]
[136710, 16]
[136865, 20]
[136872, 104]
[136968, 24]
[137167, 18]
[137243, 171]
[137315, 15]
[137552, 22]
[137630, 12]
[137660, 95]
[137660, 11]
[137660, 30]
[137660, 14]
[137715, 163]
[137745, 16]
[137755, 90]
[137884, 97]
[137963, 177]
[138007, 11]
[138208, 31]
[138409, 73]
[138451, 12]
[138477, 14]
[138887, 59]
[138887, 59]
[139028, 12]
[139074, 14]
[139130, 37]
[139157, 76]
[139317, 11]
[139317, 11]
[139426, 13]
[139531, 49]
[139548, 11]
[139548, 13]
[139548, 22]
[139562, 37]
[139694, 18]
[139716, 15]
[139978, 16]
[139981, 17]
[140017, 121]
[140212, 17]
[140275, 12]
[140372, 88]
[140372, 18]
[140402, 11]
[140495, 156]
[140611, 43]
[140640, 174]
[140651, 13]
[140670, 15]
[140741, 135]
[140792, 170]
[141075, 14]
[141103, 12]
[141143, 23]
[141176, 59]
[141483, 11]
[141619, 33]
[141620, 17]
[141762, 130]
[142012, 139]
[142046, 16]
[142095, 142]
[142155, 107]
[142238, 11]
[142576, 125]
[142640, 16]
[143008, 77]
[143008, 178]
[143011, 18]
[143121, 90]
[143187, 11]
[143528, 180]
[143639, 179]
[143651, 11]
[143729, 45]
[143898, 20]
[143920, 151]
[143927, 58]
[143927, 24]
[143927, 26]
[143981, 169]
[143981, 24]
[144053, 11]
[144093, 15]
[144130, 15]
[144309, 17]
[144367, 92]
[144367, 11]
[144367, 12]
[144367, 57]
[144367, 63]
[144553, 12]
[144641, 15]
[144641, 20]
[144648, 177]
[144691, 16]
[144912, 15]
[145154, 97]
[145218, 149]
[145218, 13]
[145325, 174]
[145441, 44]
[145516, 15]
[145661, 35]
[145757, 13]
[145757, 19]
[145757, 34]
[145824, 15]
[145862, 14]
[145977, 94]
[146534, 14]
[146807, 30]
[146968, 21]
[146968, 101]
[146968, 173]
[146968, 23]
[147151, 17]
[147165, 69]
[147251, 98]
[147251, 79]
[147377, 69]
[147565, 19]
[147658, 13]
[147679, 17]
[147693, 31]
[147703, 16]
[147748, 150]
[147768, 41]
[147859, 87]
[148033, 19]
[148033, 109]
[148033, 27]
[148034, 23]
[148034, 21]
[148102, 28]
[148280, 171]
[148280, 13]
[148280, 22]
[148302, 65]
[148472, 11]
[148529, 17]
[148598, 123]
[148598, 59]
[148748, 19]
[149039, 107]
[149061, 23]
[149061, 11]
[149192, 12]
[149207, 47]
[149359, 20]
[149380, 15]
[149476, 17]
[149516, 22]
[149516, 11]
[149516, 19]
[149516, 159]
[149516, 15]
[149516, 19]
[149524, 16]
[149714, 68]
[149716, 21]
[149728, 159]
[149887, 169]
[149887, 102]
[150075, 111]
[150156, 104]
[150156, 13]
[150156, 17]
[150185, 16]
[150191, 70]
[150228, 34]
[150246, 83]
[150246, 174]
[150378, 71]
[150443, 18]
[150714, 12]
[150715, 106]
[150715, 11]
[150715, 126]
[150715, 178]
[150814, 127]
[150814, 21]
[150881, 81]
[150881, 15]
[150944, 169]
[150944, 175]
[150944, 13]
[150944, 20]
[150944, 76]
[150944, 15]
[151073, 160]
[151146, 120]
[151205, 16]
[151372, 58]
[151426, 12]
[151426, 125]
[151505, 12]
[151610, 141]
[151610, 133]
[151610, 38]
[151620, 35]
[151645, 17]
[151937, 113]
[151937, 106]
[151937, 54]
[152029, 151]
[152122, 16]
[152167, 115]
[152192, 129]
[152206, 170]
[152206, 51]
[152217, 113]
[152389, 163]
[152604, 93]
[152644, 18]
[152659, 17]
[152891, 16]
[152891, 141]
[152891, 21]
[152891, 12]
[152891, 56]
[152891, 173]
[152946, 182]
[153015, 112]
[153070, 19]
[153070, 14]
[153122, 96]
[153122, 131]
[153122, 169]
[153432, 21]
[153491, 21]
[153558, 12]
[153634, 133]
[153635, 54]
[153635, 18]
[153645, 11]
[153682, 42]
[153870, 16]
[154034, 17]
[154246, 17]
[154246, 28]
[155046, 72]
[155046, 40]
[155094, 60]
[155133, 175]
[155176, 16]
[155234, 13]
[155274, 15]
[155397, 19]
[155495, 14]
[155577, 165]
[155589, 169]
[155760, 18]
[155763, 11]
[155765, 15]
[155827, 14]
[155885, 15]
[155908, 17]
[156020, 19]
[156114, 19]
[156114, 55]
[156114, 24]
[156147, 65]
[156166, 179]
[156272, 11]
[156272, 103]
[156283, 87]
[156402, 11]
[156413, 47]
[156413, 22]
[156555, 17]
[156578, 166]
[156705, 176]
[156798, 46]
[156847, 20]
[156959, 15]
[157000, 176]
[157062, 153]
[157082, 11]
[157113, 22]
[157142, 88]
[157195, 12]
[157314, 116]
[157321, 17]
[157436, 19]
[157456, 30]
[157465, 65]
[157485, 15]
[157493, 121]
[157553, 85]
[157626, 112]
[157682, 74]
[157688, 21]
[157712, 12]
[157832, 63]
[157835, 166]
[157835, 18]
[157880, 21]
[157995, 101]
[158013, 20]
[158061, 94]
[158142, 18]
[158219, 14]
[158270, 182]
[158334, 16]
[158363, 87]
[158447, 93]
[158447, 41]
[158483, 172]
[158584, 31]
[158634, 20]
[158783, 73]
[158806, 19]
[158825, 97]
[158832, 17]
[158872, 181]
[158872, 13]
[158922, 13]
[159077, 13]
[159086, 17]
[159118, 142]
[159118, 122]
[159118, 121]
[159185, 91]
[159218, 21]
[159256, 24]
[159256, 20]
[159274, 17]
[159274, 19]
[159309, 35]
[159379, 22]
[159417, 17]
[159527, 11]
[159630, 13]
[159677, 155]
[159957, 77]
[159961, 108]
[159979, 13]
[159979, 16]
[159979, 168]
[160112, 17]
[160258, 80]
[160300, 16]
[160332, 18]
[160338, 44]
[160338, 20]
[160367, 17]
[160386, 22]
[160386, 27]
[160419, 17]
[160502, 170]
[160701, 12]
[161067, 60]
[161155, 47]
[161155, 79]
[161248, 22]
[161248, 17]
[161293, 17]
[161454, 16]
[161454, 12]
[161514, 50]
[161648, 116]
[161746, 95]
[161892, 64]
[161893, 161]
[161939, 181]
[162076, 13]
[162220, 157]
[162253, 16]
[162347, 155]
[162363, 20]
[162363, 14]
[162449, 52]
[162472, 36]
[162476, 29]
[162476, 40]
[162476, 79]
[162505, 33]
[162649, 15]
[162694, 65]
[162694, 14]
[162694, 102]
[162723, 19]
[162774, 12]
[162774, 19]
[162905, 118]
[162924, 16]
[162924, 13]
[162971, 179]
[163050, 37]
[163050, 27]
[163173, 53]
[163201, 16]
[163213, 149]
[163300, 164]
[163300, 12]
[163300, 144]
[163440, 130]
[163647, 167]
[163647, 47]
[163647, 46]
[163673, 61]
[163733, 173]
[163811, 162]
[163858, 17]
[164017, 91]
[164143, 16]
[164158, 57]
[164170, 41]
[164170, 15]
[164184, 19]
[164184, 58]
[164245, 104]
[164353, 146]
[164394, 24]
[164394, 35]
[164611, 101]
[164656, 142]
[164790, 129]
[164889, 11]
[165074, 17]
[165075, 12]
[165134, 23]
[165134, 88]
[165166, 50]
[165272, 19]
[165272, 46]
[165272, 90]
[165454, 13]
[165499, 96]
[165537, 11]
[165587, 18]
[165591, 18]
[165682, 45]
[165830, 153]
[165830, 79]
[165860, 116]
[165872, 94]
[166040, 59]
[166076, 17]
[166099, 19]
[166099, 174]
[166118, 17]
[166118, 15]
[166158, 144]
[166218, 173]
[166240, 11]
[166240, 17]
[166240, 46]
[166254, 112]
[166314, 166]
[166357, 65]
[166452, 47]
[166513, 173]
[166550, 23]
[166550, 118]
[166670, 57]
[166695, 116]
[166773, 123]
[166803, 34]
[166846, 181]
[166846, 14]
[167015, 24]
[167015, 79]
[167028, 12]
[167068, 15]
[167073, 172]
[167213, 77]
[167359, 25]
[167359, 15]
[167505, 16]
[167554, 16]
[167817, 16]
[168032, 21]
[168032, 11]
[168032, 15]
[168032, 19]
[168116, 12]
[168303, 14]
[168392, 17]
[168461, 173]
[168528, 12]
[168620, 156]
[168659, 16]
[168712, 19]
[168804, 130]
[168804, 19]
[168804, 20]
[168926, 176]
[169069, 17]
[169069, 146]
[169202, 51]
[169332, 23]
[169346, 30]
[169631, 11]
[169695, 16]
[169822, 14]
[169959, 13]
[169959, 97]
[169959, 20]
[170079, 24]
[170143, 11]
[170143, 21]
[170143, 18]
[170322, 18]
[170654, 15]
[170785, 13]
[170831, 36]
[170833, 15]
[170868, 164]
[170868, 80]
[170922, 113]
[170995, 54]
[170996, 165]
[171005, 178]
[171033, 178]
[171094, 15]
[171094, 22]
[171152, 17]
[171170, 13]
[171189, 181]
[171290, 98]
[171447, 66]
[171447, 12]
[171447, 22]
[171447, 120]
[171675, 11]
[171926, 15]
[171926, 24]
[171926, 15]
[171993, 135]
[171993, 13]
[172031, 82]
[172043, 18]
[172060, 132]
[172069, 15]
[172077, 17]
[172117, 17]
[172167, 134]
[172167, 23]
[172190, 16]
[172204, 13]
[172463, 15]
[172478, 147]
[172565, 13]
[172721, 160]
[172721, 50]
[173060, 176]
[173091, 13]
[173131, 14]
[173131, 43]
[173131, 14]
[173173, 102]
[173195, 14]
[173202, 56]
[173202, 170]
[173339, 71]
[173544, 19]
[173561, 17]
[173586, 15]
[173586, 24]
[173768, 12]
[173830, 15]
[173830, 53]
[173895, 22]
[174111, 18]
[174359, 19]
[174595, 20]
[174595, 144]
[174664, 17]
[174664, 18]
[174683, 21]
[174683, 14]
[174809, 58]
[174860, 124]
[174945, 12]
[175188, 13]
[175322, 68]
[175395, 16]
[175582, 40]
[175853, 20]
[175891, 141]
[175984, 18]
[175984, 182]
[175987, 18]
[176030, 54]
[176080, 17]
[176080, 12]
[176080, 12]
[176080, 21]
[176181, 12]
[176207, 14]
[176211, 63]
[176237, 20]
[176305, 12]
[176305, 65]
[176368, 26]
[176476, 13]
[176486, 14]
[176580, 21]
[176630, 20]
[176689, 114]
[176713, 161]
[176738, 29]
[176874, 21]
[176957, 15]
[176957, 18]
[176957, 18]
[176958, 103]
[176994, 14]
[177018, 120]
[177088, 12]
[177195, 87]
[177386, 15]
[177387, 38]
[177558, 160]
[177583, 12]
[177586, 104]
[177586, 113]
[177586, 125]
[177586, 113]
[177586, 18]
[177586, 13]
[177586, 13]
[177586, 20]
[177635, 16]
[177635, 14]
[177682, 20]
[178087, 43]
[178254, 18]
[178525, 131]
[178553, 20]
[178590, 14]
[178775, 11]
[178905, 178]
[178916, 161]
[178985, 15]
[179056, 12]
[179172, 90]
[179237, 81]
[179416, 151]
[179455, 20]
[179635, 19]
[179671, 23]
[179761, 12]
[179815, 46]
[179977, 19]
[180055, 136]
[180294, 84]
[180365, 18]
[180525, 142]
[180525, 21]
[180604, 159]
[180639, 163]
[180654, 15]
[180701, 17]
[180985, 166]
[181044, 33]
[181156, 147]
[181182, 19]
[181272, 96]
[181286, 12]
[181286, 18]
[181295, 20]
[181314, 132]
[181322, 20]
[181374, 11]
[181374, 121]
[181383, 53]
[181442, 146]
[181505, 62]
[181696, 38]
[181791, 17]
[181796, 76]
[181796, 178]
[181797, 165]
[181811, 167]
[182019, 179]
[182019, 176]
[182030, 106]
[182041, 141]
[182184, 35]
[182233, 27]
[182411, 39]
[182430, 15]
[182430, 20]
[182462, 18]
[182533, 50]
[182533, 32]
[182555, 93]
[182555, 11]
[182705, 18]
[182714, 75]
[182717, 17]
[182719, 46]
[182719, 61]
[182719, 120]
[182891, 34]
[182891, 14]
[182891, 22]
[182910, 178]
[182921, 110]
[182951, 33]
[182955, 14]
[182955, 145]
[183220, 19]
[183220, 24]
[183275, 19]
[183393, 32]
[183404, 102]
[183475, 125]
[183558, 26]
[183592, 11]
[183592, 14]
[183753, 12]
[183818, 15]
[183832, 23]
[183832, 117]
[183853, 142]
[183893, 129]
[183939, 17]
[184145, 177]
[184442, 97]
[184555, 95]
[184576, 148]
[184612, 147]
[184673, 149]
[184694, 34]
[184747, 34]
[184904, 127]
[185012, 12]
[185155, 38]
[185155, 18]
[185172, 15]
[185206, 15]
[185289, 118]
[185292, 18]
[185292, 13]
[185362, 11]
[185362, 19]
[185362, 11]
[185362, 22]
[185362, 124]
[185362, 72]
[185367, 56]
[185367, 25]
[185367, 16]
[185441, 52]
[185441, 21]
[185447, 56]
[185447, 12]
[185603, 12]
[185740, 144]
[185762, 99]
[185766, 82]
[185777, 98]
[185778, 23]
[185778, 20]
[185838, 37]
[185859, 46]
[185912, 12]
[185939, 100]
[186024, 104]
[186123, 13]
[186170, 81]
[186180, 93]
[186196, 33]
[186201, 13]
[186338, 42]
[186547, 13]
[186562, 116]
[186562, 11]
[186650, 16]
[187114, 53]
[187250, 105]
[187312, 15]
[187314, 15]
[187340, 136]
[187340, 107]
[187361, 17]
[187454, 62]
[187462, 39]
[187515, 11]
[187515, 105]
[187591, 14]
[187613, 121]
[187689, 103]
[187727, 17]
[187891, 16]
[187894, 112]
[187977, 105]
[187977, 170]
[188339, 153]
[188533, 126]
[188563, 11]
[188604, 11]
[188640, 13]
[188722, 163]
[188761, 16]
[188764, 19]
[188819, 34]
[188819, 12]
[188852, 161]
[188895, 121]
[188931, 178]
[188951, 19]
[188956, 118]
[189028, 101]
[189031, 19]
[189031, 14]
[189031, 21]
[189031, 84]
[189031, 84]
[189101, 20]
[189104, 108]
[189104, 11]
[189370, 181]
[189370, 37]
[189418, 99]
[189468, 142]
[189470, 112]
[189484, 15]
[189484, 152]
[189492, 17]
[189609, 12]
[189675, 16]
[189703, 17]
[189703, 109]
[189744, 179]
[189920, 108]
[189920, 103]
[190060, 17]
[190135, 137]
[190135, 128]
[190305, 133]
[190509, 18]
[190509, 154]
[190509, 96]
[190651, 17]
[190686, 18]
[190774, 20]
[190929, 11]
[191014, 17]
[191028, 100]
[191055, 14]
[191055, 23]
[191090, 98]
[191142, 171]
[191206, 38]
[191304, 130]
[191304, 82]
[191589, 17]
[191617, 178]
[191746, 179]
[191751, 121]
[192038, 61]
[192053, 15]
[192065, 18]
[192097, 106]
[192122, 92]
[192122, 19]
[192145, 112]
[192167, 17]
[192205, 130]
[192205, 147]
[192243, 64]
[192273, 46]
[192350, 15]
[192524, 18]
[192585, 24]
[192645, 117]
[192676, 118]
[192863, 165]
[192921, 108]
[192923, 159]
[192923, 84]
[192926, 16]
[192960, 50]
[193007, 23]
[193133, 178]
[193139, 17]
[193484, 12]
[193549, 13]
[193632, 133]
[193684, 18]
[193726, 170]
[193998, 122]
[194220, 11]
[194336, 28]
[194460, 109]
[194610, 15]
[194647, 164]
[194672, 13]
[194677, 167]
[194688, 131]
[194688, 15]
[195118, 11]
[195209, 64]
[195224, 18]
[195235, 119]
[195347, 17]
[195360, 19]
[195441, 123]
[195484, 163]
[195484, 89]
[195509, 12]
[195633, 12]
[195633, 159]
[195656, 53]
[195711, 17]
[195806, 18]
[195856, 13]
[195856, 19]
[196067, 90]
[196067, 118]
[196191, 13]
[196193, 175]
[196193, 156]
[196212, 41]
[196334, 146]
[196367, 15]
[196474, 35]
[196701, 179]
[196724, 15]
[196743, 78]
[196881, 15]
[196881, 24]
[196938, 12]
[196938, 19]
[197008, 22]
[197116, 156]
[197116, 20]
[197155, 20]
[197155, 18]
[197171, 114]
[197171, 26]
[197335, 15]
[197449, 13]
[197449, 125]
[197472, 144]
[197472, 14]
[197472, 149]
[197598, 11]
[197616, 74]
[197663, 14]
[197663, 24]
[197676, 19]
[197711, 14]
[197730, 20]
[197730, 21]
[198033, 14]
[198075, 13]
[198075, 131]
[198075, 16]
[198075, 81]
[198144, 132]
[198377, 13]
[198381, 174]
[198463, 18]
[198537, 15]
[198634, 99]
[198857, 60]
[198874, 141]
[199010, 65]
[199116, 13]
[199143, 151]
[199200, 175]
[199200, 16]
[199200, 38]
[199235, 12]
[199243, 13]
[199302, 116]
[199309, 17]
[199364, 16]
[199394, 15]
[199556, 101]
[199610, 13]
[199610, 13]
[199862, 17]
[199892, 82]
[199901, 12]
[199933, 13]
[200022, 13]
[200047, 23]
[200077, 45]
[200235, 16]
[200421, 13]
[200421, 138]
[200434, 177]
[200539, 56]
[200600, 48]
[200741, 19]
[200748, 15]
[200748, 11]
[200748, 26]
[200805, 11]
[200810, 18]
[200810, 133]
[200891, 17]
[201066, 85]
[201066, 66]
[201089, 12]
[201089, 104]
[201162, 11]
[201281, 30]
[201281, 13]
[201394, 104]
[201394, 155]
[201449, 12]
[201449, 144]
[201449, 137]
[201452, 19]
[201483, 20]
[201535, 17]
[201582, 15]
[201586, 20]
[201663, 22]
[201925, 150]
[201934, 141]
[201934, 151]
[201934, 81]
[201966, 81]
[201966, 20]
[202166, 45]
[202218, 145]
[202292, 132]
[202339, 18]
[202444, 113]
[202563, 87]
[202638, 11]
[202688, 25]
[202712, 81]
[202986, 151]
[203066, 21]
[203132, 19]
[203423, 155]
[203480, 13]
[203532, 17]
[203532, 17]
[203619, 17]
[203770, 11]
[204134, 66]
[204289, 120]
[204347, 107]
[204726, 74]
[204972, 17]
[204972, 11]
[204972, 54]
[205142, 14]
[205235, 39]
[205237, 16]
[205247, 14]
[205265, 11]
[205303, 12]
[205460, 14]
[205501, 21]
[205502, 16]
[205595, 11]
[205682, 134]
[205812, 86]
[205812, 76]
[205812, 105]
[205886, 16]
[205930, 25]
[205956, 131]
[205956, 85]
[205974, 165]
[205974, 80]
[205974, 12]
[205974, 83]
[206043, 13]
[206160, 140]
[206178, 91]
[206343, 11]
[206356, 11]
[206356, 57]
[206379, 149]
[206379, 137]
[206527, 12]
[206600, 14]
[206730, 128]
[206989, 154]
[206989, 41]
[207112, 15]
[207120, 20]
[207139, 15]
[207239, 107]
[207350, 13]
[207384, 15]
[207384, 11]
[207488, 12]
[207567, 63]
[207632, 15]
[207674, 12]
[207674, 55]
[207869, 16]
[207905, 15]
[208061, 20]
[208061, 131]
[208061, 51]
[208246, 13]
[208307, 177]
[208307, 181]
[208307, 125]
[208334, 12]
[208396, 17]
[208493, 15]
[208630, 22]
[208650, 18]
[208760, 92]
[209162, 144]
[209167, 22]
[209262, 22]
[209262, 42]
[209374, 23]
[209492, 15]
[209492, 15]
[209495, 12]
[209561, 137]
[209764, 147]
[209773, 17]
[209773, 13]
[209813, 168]
[210185, 65]
[210320, 13]
[210516, 13]
[210697, 12]
[210767, 17]
[210857, 160]
[210857, 11]
[210965, 131]
[210998, 144]
[210998, 20]
[210998, 19]
[210998, 20]
[210998, 13]
[211078, 23]
[211261, 17]
[211279, 18]
[211287, 71]
[211316, 20]
[211342, 17]
[211390, 20]
[211431, 20]
[211817, 17]
[211817, 99]
[211894, 83]
[211966, 104]
[211966, 16]
[211966, 11]
[211966, 26]
[211966, 61]
[211995, 25]
[211995, 107]
[212119, 17]
[212127, 174]
[212442, 17]
[212519, 45]
[212734, 17]
[212801, 101]
[212809, 19]
[212809, 15]
[213041, 47]
[213041, 124]
[213041, 124]
[213184, 136]
[213214, 13]
[213335, 15]
[213335, 11]
[213356, 16]
[213389, 118]
[213623, 174]
[214085, 38]
[214087, 11]
[214095, 90]
[214122, 20]
[214122, 20]
[214243, 12]
[214243, 13]
[214248, 173]
[214316, 15]
[214619, 63]
[214641, 16]
[214651, 77]
[214651, 108]
[214700, 181]
[214700, 65]
[214731, 15]
[214749, 95]
[214765, 16]
[214824, 129]
[214928, 17]
[215018, 46]
[215019, 17]
[215019, 12]
[215243, 22]
[215432, 14]
[215432, 12]
[215432, 48]
[215432, 20]
[215432, 11]
[215486, 17]
[215486, 15]
[215745, 72]
[215781, 182]
[215781, 25]
[215823, 172]
[215845, 42]
[215845, 145]
[215845, 22]
[215845, 43]
[215845, 151]
[215845, 16]
[215915, 27]
[215995, 17]
[216055, 84]
[216055, 71]
[216055, 22]
[216055, 18]
[216055, 48]
[216055, 168]
[216071, 31]
[216196, 97]
[216272, 165]
[216352, 24]
[216389, 159]
[216458, 149]
[216604, 21]
[216604, 16]
[216822, 77]
[216992, 93]
[217033, 15]
[217145, 155]
[217145, 19]
[217298, 13]
[217417, 85]
[217445, 13]
[217458, 127]
[217568, 65]
[217568, 23]
[217688, 173]
[217750, 19]
[217911, 14]
[217928, 15]
[217954, 24]
[218117, 15]
[218294, 151]
[218529, 54]
[218567, 72]
[218633, 107]
[218673, 20]
[218677, 20]
[218683, 16]
[218759, 13]
[218759, 21]
[218786, 65]
[218786, 141]
[218786, 21]
[218797, 14]
[218927, 17]
[218960, 85]
[219091, 18]
[219255, 17]
[219255, 134]
[219255, 12]
[219255, 15]
[219255, 19]
[219266, 20]
[219266, 16]
[219280, 18]
[219432, 42]
[219437, 15]
[219457, 45]
[219716, 11]
[219752, 11]
[219752, 20]
[219768, 11]
[219872, 150]
[220017, 133]
[220017, 14]
[220055, 83]
[220085, 11]
[220148, 114]
[220260, 36]
[220589, 19]
[220696, 182]
[220773, 12]
[220773, 122]
[220848, 160]
[220905, 101]
[220916, 18]
[221040, 19]
[221115, 129]
[221115, 13]
[221136, 11]
[221184, 11]
[221247, 16]
[221247, 25]
[221317, 104]
[221420, 16]
[221503, 20]
[221603, 110]
[221639, 11]
[221639, 107]
[221658, 145]
[221703, 176]
[221807, 157]
[221807, 42]
[222037, 17]
[222037, 28]
[222037, 12]
[222110, 19]
[222110, 35]
[222110, 168]
[222209, 71]
[222288, 93]
[222324, 91]
[222465, 41]
[222794, 16]
[222795, 162]
[222859, 14]
[222895, 32]
[222942, 42]
[223324, 99]
[223425, 17]
[223471, 154]
[223471, 147]
[223471, 12]
[223504, 112]
[223857, 11]
[223912, 47]
[223923, 11]
[224027, 67]
[224027, 19]
[224027, 131]
[224288, 27]
[224288, 21]
[224323, 17]
[224325, 12]
[224372, 32]
[224381, 64]
[224381, 65]
[224522, 93]
[224558, 130]
[224583, 15]
[224596, 56]
[224596, 128]
[224915, 17]
[225016, 101]
[225016, 20]
[225154, 18]
[225237, 18]
[225237, 83]
[225237, 37]
[225266, 17]
[225404, 77]
[225562, 177]
[225712, 18]
[225782, 159]
[225782, 14]
[225947, 21]
[225947, 16]
[225970, 93]
[225970, 20]
[225998, 17]
[225998, 133]
[226263, 11]
[226263, 17]
[226279, 74]
[226410, 132]
[226454, 83]
[226517, 52]
[226615, 16]
[226628, 17]
[226751, 165]
[226783, 62]
[226783, 13]
[226866, 11]
[227042, 172]
[227084, 115]
[227084, 22]
[227093, 62]
[227093, 16]
[227128, 149]
[227133, 16]
[227354, 20]
[227404, 60]
[227424, 15]
[227463, 17]
[227579, 15]
[227579, 24]
[227667, 89]
[227832, 119]
[227848, 103]
[227848, 11]
[227848, 17]
[227848, 13]
[227851, 39]
[227851, 18]
[227934, 20]
[227999, 45]
[227999, 25]
[228018, 159]
[228156, 12]
[228194, 179]
[228194, 54]
[228194, 18]
[228520, 35]
[228520, 108]
[228540, 165]
[228671, 16]
[228690, 143]
[228757, 87]
[228827, 13]
[229027, 50]
[229242, 11]
[229257, 16]
[229338, 17]
[229345, 145]
[229360, 135]
[229527, 56]
[229528, 78]
[229528, 73]
[229606, 122]
[229648, 91]
[229671, 24]
[229762, 18]
[229868, 13]
[229869, 15]
[229973, 11]
[230096, 168]
[230168, 11]
[230168, 118]
[230244, 21]
[230276, 15]
[230488, 17]
[230523, 11]
[230768, 121]
[230786, 116]
[230810, 18]
[230810, 18]
[230810, 106]
[230871, 17]
[230950, 94]
[231352, 12]
[231566, 37]
[231661, 45]
[231665, 12]
[231969, 12]
[231969, 112]
[232011, 17]
[232051, 25]
[232195, 14]
[232260, 50]
[232262, 36]
[232285, 163]
[232290, 71]
[232387, 124]
[232481, 12]
[232481, 18]
[232551, 12]
[232551, 103]
[232564, 21]
[232959, 153]
[232964, 139]
[232969, 32]
[233075, 16]
[233075, 18]
[233196, 17]
[233202, 76]
[233694, 13]
[233714, 15]
[233718, 18]
[233765, 20]
[234031, 119]
[234031, 46]
[234031, 43]
[234031, 113]
[234037, 133]
[234037, 12]
[234055, 17]
[234083, 15]
[234163, 110]
[234163, 19]
[234185, 17]
[234185, 36]
[234289, 23]
[234441, 89]
[234552, 20]
[234567, 82]
[234661, 13]
[234681, 15]
[234718, 25]
[234764, 11]
[235022, 69]
[235074, 44]
[235122, 84]
[235211, 182]
[235258, 13]
[235325, 179]
[235325, 32]
[235328, 18]
[235505, 15]
[235505, 14]
[235703, 118]
[235703, 158]
[235747, 45]
[236018, 18]
[236064, 14]
[236064, 12]
[236076, 13]
[236076, 20]
[236086, 177]
[236166, 32]
[236166, 156]
[236200, 62]
[236269, 14]
[236269, 54]
[236269, 139]
[236343, 86]
[236362, 20]
[236362, 72]
[236381, 159]
[236422, 11]
[236431, 181]
[236494, 162]
[236559, 118]
[236616, 180]
[236616, 22]
[236616, 135]
[236649, 22]
[236649, 130]
[236728, 62]
[236750, 44]
[236882, 54]
[237155, 11]
[237155, 24]
[237234, 16]
[237341, 119]
[237349, 141]
[237455, 22]
[237456, 129]
[237482, 18]
[237618, 14]
[237620, 108]
[237623, 122]
[237625, 17]
[237706, 31]
[237820, 138]
[238027, 19]
[238032, 17]
[238032, 12]
[238040, 87]
[238060, 42]
[238162, 91]
[238197, 16]
[238333, 11]
[238529, 66]
[238570, 151]
[238592, 11]
[238824, 179]
[238877, 16]
[238877, 46]
[238877, 17]
[238914, 95]
[238914, 53]
[238914, 178]
[239136, 17]
[239139, 84]
[239151, 17]
[239167, 15]
[239181, 33]
[239217, 71]
[239223, 152]
[239235, 11]
[239364, 66]
[239381, 25]
[239385, 17]
[239486, 179]
[239593, 17]
[239669, 70]
[239719, 120]
[239962, 125]
[240190, 23]
[240270, 78]
[240270, 98]
[240385, 157]
[240385, 24]
[240385, 18]
[240429, 96]
[240449, 17]
[240527, 18]
[240711, 19]
[240802, 21]
[240813, 113]
[240827, 11]
[240827, 172]
[240891, 15]
[240922, 21]
[240989, 45]
[241042, 14]
[241042, 40]
[241134, 11]
[241690, 14]
[241776, 17]
[241901, 17]
[241915, 16]
[242132, 18]
[242132, 11]
[242132, 11]
[242132, 24]
[242257, 16]
[242333, 12]
[242353, 13]
[242573, 15]
[242573, 12]
[242721, 20]
[242721, 67]
[242806, 17]
[242830, 95]
[242830, 146]
[242911, 135]
[242911, 123]
[242971, 13]
[243185, 12]
[243187, 19]
[243338, 153]
[243348, 13]
[243348, 26]
[243354, 12]
[243371, 17]
[243387, 154]
[243387, 18]
[243387, 13]
[243456, 20]
[243456, 11]
[243568, 97]
[243582, 12]
[243582, 137]
[243725, 172]
[243766, 141]
[243766, 178]
[243766, 15]
[243767, 16]
[243783, 153]
[243830, 11]
[243913, 19]
[244137, 83]
[244214, 20]
[244226, 11]
[244319, 116]
[244480, 24]
[244509, 61]
[244509, 96]
[244581, 15]
[244613, 17]
[244678, 99]
[244900, 135]
[244911, 12]
[245101, 154]
[245123, 14]
[245123, 19]
[245128, 71]
[245221, 18]
[245398, 17]
[245398, 21]
[245398, 130]
[245439, 158]
[245584, 71]
[245693, 21]
[245720, 17]
[245845, 11]
[246032, 14]
[246092, 12]
[246115, 17]
[246115, 50]
[246116, 98]
[246183, 23]
[246183, 98]
[246185, 34]
[246190, 17]
[246190, 18]
[246454, 96]
[246514, 113]
[246514, 11]
[246616, 27]
[246619, 39]
[246630, 84]
[246679, 12]
[246782, 69]
[246816, 11]
[246846, 64]
[247030, 16]
[247257, 118]
[247258, 16]
[247258, 12]
[247418, 16]
[247532, 114]
[247563, 12]
[247615, 11]
[247635, 127]
[247657, 81]
[247657, 120]
[247676, 77]
[247693, 95]
[247711, 42]
[247755, 152]
[247795, 14]
[248026, 23]
[248141, 23]
[248141, 34]
[248274, 20]
[248302, 40]
[248339, 16]
[248572, 12]
[248572, 79]
[248572, 25]
[248572, 18]
[248634, 12]
[248634, 176]
[248742, 12]
[248742, 116]
[248742, 171]
[248765, 11]
[248786, 14]
[248786, 134]
[248816, 126]
[249031, 16]
[249034, 15]
[249072, 19]
[249084, 17]
[249084, 108]
[249084, 25]
[249084, 22]
[249084, 19]
[249293, 34]
[249413, 56]
[249475, 169]
[249475, 110]
[249475, 119]
[249712, 16]
[249745, 17]
[249882, 16]
[250024, 23]
[250029, 33]
[250180, 118]
[250200, 21]
[250275, 46]
[250299, 17]
[250400, 19]
[250400, 11]
[250400, 56]
[250495, 16]
[250495, 37]
[250495, 140]
[250495, 11]
[250510, 14]
[250523, 24]
[250560, 17]
[250560, 164]
[250624, 151]
[250674, 11]
[250807, 138]
[251071, 17]
[251277, 108]
[251277, 17]
[251301, 14]
[251335, 61]
[251389, 13]
[251557, 61]
[251785, 15]
[251849, 12]
[251849, 34]
[251936, 27]
[251955, 18]
[252039, 155]
[252143, 33]
[252160, 130]
[252196, 64]
[252196, 47]
[252272, 176]
[252365, 15]
[252371, 161]
[252371, 19]
[252469, 18]
[252512, 22]
[252581, 170]
[252622, 97]
[252622, 141]
[252622, 12]
[252622, 23]
[252719, 15]
[252759, 22]
[252768, 24]
[252943, 23]
[253094, 11]
[253100, 151]
[253247, 17]
[253379, 11]
[253410, 15]
[253482, 30]
[253748, 15]
[253748, 14]
[253794, 16]
[253955, 11]
[254145, 163]
[254307, 12]
[254336, 170]
[254336, 16]
[254336, 174]
[254455, 21]
[254461, 17]
[254480, 17]
[254509, 15]
[254695, 92]
[254695, 109]
[254757, 70]
[254757, 52]
[254807, 23]
[254898, 159]
[255030, 14]
[255076, 12]
[255374, 13]
[255562, 117]
[255601, 15]
[255614, 17]
[255614, 11]
[255657, 14]
[255657, 79]
[255662, 152]
[255692, 14]
[255781, 144]
[255783, 12]
[255791, 11]
[255895, 19]
[255895, 139]
[255905, 13]
[255905, 26]
[255951, 12]
[255979, 31]
[255979, 105]
[255979, 167]
[256173, 15]
[256282, 175]
[256301, 14]
[256423, 132]
[256450, 12]
[256472, 106]
[256485, 27]
[256579, 101]
[256579, 14]
[256582, 50]
[256653, 14]
[256807, 17]
[257064, 16]
[257112, 124]
[257115, 143]
[257115, 31]
[257139, 115]
[257243, 13]
[257243, 101]
[257343, 14]
[257545, 12]
[257549, 12]
[257558, 18]
[257627, 19]
[257667, 16]
[257750, 135]
[257812, 18]
[257891, 142]
[257891, 22]
[257900, 51]
[257902, 21]
[257987, 112]
[258131, 107]
[258213, 88]
[258392, 31]
[258392, 19]
[258392, 50]
[258392, 38]
[258510, 11]
[258651, 69]
[258657, 18]
[258667, 156]
[258883, 175]
[259081, 113]
[259243, 102]
[259282, 123]
[259282, 16]
[259330, 23]
[259411, 28]
[259411, 85]
[259454, 15]
[259461, 64]
[259493, 16]
[259493, 143]
[259648, 18]
[259673, 34]
[259673, 98]
[259673, 17]
[259680, 42]
[259731, 11]
[259867, 145]
[260013, 92]
[260155, 12]
[260307, 15]
[260327, 44]
[260373, 85]
[260389, 14]
[260425, 13]
[260428, 15]
[260428, 12]
[260474, 157]
[260474, 49]
[260482, 12]
[260482, 48]
[260482, 55]
[260485, 15]
[260620, 12]
[260638, 98]
[260638, 103]
[260638, 61]
[260638, 143]
[261030, 17]
[261139, 17]
[261258, 12]
[261278, 153]
[261304, 12]
[261357, 13]
[261431, 13]
[261431, 13]
[261526, 159]
[261526, 101]
[261634, 15]
[261640, 132]
[261717, 151]
[261725, 110]
[262005, 11]
[262349, 117]
[262359, 18]
[262401, 20]
[262582, 179]
[262882, 20]
[262882, 11]
[263075, 18]
[263248, 18]
[263408, 13]
[263408, 29]
[263408, 27]
[263423, 22]
[263768, 96]
[263836, 53]
[263836, 171]
[264039, 125]
[264039, 25]
[264068, 89]
[264068, 22]
[264190, 130]
[264206, 160]
[264291, 120]
[264312, 164]
[264374, 12]
[264420, 34]
[264430, 102]
[264431, 155]
[264599, 12]
[264615, 13]
[264659, 79]
[264678, 18]
[264678, 22]
[264711, 84]
[264812, 76]
[264840, 17]
[264933, 109]
[264933, 13]
[264948, 155]
[264948, 21]
[264995, 17]
[265125, 87]
[265415, 63]
[265469, 91]
[265482, 18]
[265522, 12]
[265522, 14]
[265669, 13]
[265706, 15]
[265896, 12]
[266286, 15]
[266398, 15]
[266398, 17]
[266398, 140]
[266427, 108]
[266462, 142]
[266462, 18]
[266466, 179]
[266885, 13]
[267033, 17]
[267195, 162]
[267400, 17]
[267430, 69]
[267461, 98]
[267461, 12]
[267542, 164]
[267547, 116]
[267587, 119]
[267782, 12]
[267968, 138]
[268096, 17]
[268177, 17]
[268300, 16]
[268316, 124]
[268453, 27]
[268464, 12]
[268518, 18]
[268640, 16]
[268676, 44]
[268719, 14]
[268775, 11]
[268775, 18]
[268775, 37]
[268797, 104]
[268797, 25]
[268831, 20]
[268831, 23]
[268831, 177]
[268831, 20]
[268873, 17]
[268925, 20]
[269068, 131]
[269126, 19]
[269179, 13]
[269368, 13]
[269368, 98]
[269368, 117]
[269386, 13]
[269414, 104]
[269675, 123]
[269691, 86]
[269728, 13]
[270000, 24]
[270040, 74]
[270117, 18]
[270234, 157]
[270234, 73]
[270255, 111]
[270331, 16]
[270334, 48]
[270334, 19]
[270340, 60]
[270417, 13]
[270523, 20]
[270930, 161]
[270973, 16]
[270973, 96]
[271134, 54]
[271220, 23]
[271259, 17]
[271453, 54]
[271456, 17]
[271481, 16]
[271481, 19]
[271596, 18]
[271633, 167]
[271638, 13]
[271749, 63]
[271828, 26]
[271977, 52]
[272091, 21]
[272127, 16]
[272127, 152]
[272127, 81]
[272251, 63]
[272378, 18]
[272582, 142]
[272744, 19]
[272744, 13]
[272767, 40]
[272896, 11]
[272987, 15]
[273106, 20]
[273106, 139]
[273110, 14]
[273537, 13]
[273537, 69]
[273632, 18]
[273840, 11]
[274235, 13]
[274270, 15]
[274348, 17]
[274400, 20]
[274469, 161]
[274469, 15]
[274515, 11]
[274619, 150]
[274631, 138]
[274801, 98]
[274841, 13]
[275006, 131]
[275031, 145]
[275050, 15]
[275674, 12]
[275674, 96]
[275704, 80]
[275716, 73]
[275716, 13]
[275731, 24]
[275792, 150]
[275848, 17]
[275848, 12]
[275850, 149]
[275919, 73]
[275939, 15]
[276101, 28]
[276101, 17]
[276265, 28]
[276967, 11]
[276988, 69]
[276989, 14]
[277108, 18]
[277150, 17]
[277370, 128]
[277482, 11]
[277833, 16]
[277900, 153]
[277900, 129]
[277900, 123]
[277902, 17]
[277902, 14]
[278033, 159]
[278033, 16]
[278046, 12]
[278078, 16]
[278378, 78]
[278378, 32]
[278378, 151]
[278774, 16]
[278774, 11]
[279078, 95]
[279150, 50]
[279258, 85]
[279258, 177]
[279309, 182]
[279403, 17]
[279403, 34]
[279617, 26]
[279617, 63]
[279988, 15]
[280373, 140]
[280373, 86]
[280373, 57]
[280519, 22]
[280545, 128]
[280547, 170]
[280595, 16]
[280598, 16]
[280679, 146]
[280716, 79]
[280938, 53]
[280938, 15]
[281013, 153]
[281104, 104]
[281104, 12]
[281104, 15]
[281195, 37]
[281434, 116]
[281434, 17]
[281483, 59]
[281507, 119]
[281584, 35]
[281742, 161]
[281848, 166]
[281948, 165]
[281949, 90]
[281949, 20]
[282013, 16]
[282040, 177]
[282103, 89]
[282103, 18]
[282145, 112]
[282175, 16]
[282344, 11]
[282344, 24]
[282344, 105]
[282344, 169]
[282398, 52]
[282427, 19]
[282427, 143]
[282444, 148]
[282463, 128]
[282669, 105]
[282739, 91]
[282757, 19]
[282767, 12]
[282844, 69]
[282844, 175]
[282966, 20]
[282966, 21]
[282966, 78]
[283078, 80]
[283162, 45]
[283166, 53]
[283174, 61]
[283197, 12]
[283237, 22]
[283307, 93]
[283479, 15]
[283657, 13]
[283694, 17]
[283815, 161]
[283815, 97]
[283815, 21]
[283815, 73]
[283815, 28]
[283845, 15]
[283845, 141]
[283845, 15]
[283948, 13]
[283980, 15]
[284010, 176]
[284174, 118]
[284466, 18]
[284511, 57]
[284611, 19]
[284659, 16]
[284691, 60]
[285153, 156]
[285165, 43]
[285169, 23]
[285215, 19]
[285218, 79]
[285332, 116]
[285416, 11]
[285450, 106]
[285603, 12]
[285603, 65]
[285603, 81]
[285660, 106]
[285745, 11]
[285775, 14]
[285914, 20]
[286179, 11]
[286209, 20]
[286209, 146]
[286209, 24]
[286209, 17]
[286209, 21]
[286209, 15]
[286209, 49]
[286439, 179]
[286465, 56]
[286465, 90]
[286613, 15]
[286728, 19]
[286990, 42]
[287073, 11]
[287127, 19]
[287127, 79]
[287223, 78]
[287309, 73]
[287312, 51]
[287404, 112]
[287416, 15]
[287466, 15]
[287490, 99]
[287530, 142]
[287580, 157]
[287583, 18]
[287583, 19]
[287583, 37]
[287583, 12]
[287635, 11]
[287635, 27]
[287721, 126]
[287762, 71]
[287826, 17]
[287826, 68]
[287858, 115]
[287972, 13]
[287972, 28]
[288006, 18]
[288006, 120]
[288200, 80]
[288284, 120]
[288602, 163]
[288746, 123]
[288782, 103]
[288782, 12]
[288782, 24]
[288782, 154]
[288786, 11]
[288945, 101]
[289080, 17]
[289261, 156]
[289286, 11]
[289331, 15]
[289347, 19]
[289662, 17]
[289749, 134]
[290145, 16]
[290145, 12]
[290156, 164]
[290275, 76]
[290286, 117]
[290321, 13]
[290349, 19]
[290364, 15]
[290369, 68]
[290442, 17]
[290454, 18]
[290511, 28]
[290511, 18]
[290697, 13]
[290723, 12]
[290730, 86]
[290744, 14]
[291259, 84]
[291270, 20]
[291398, 17]
[291478, 172]
[291535, 20]
[291571, 130]
[291582, 12]
[291809, 44]
[291830, 17]
[291972, 19]
[291972, 19]
[291972, 95]
[291978, 101]
[291978, 135]
[292045, 15]
[292084, 62]
[292084, 21]
[292149, 20]
[292323, 11]
[292340, 98]
[292415, 105]
[292467, 15]
[292510, 15]
[292582, 18]
[292599, 169]
[292599, 122]
[292620, 54]
[292843, 126]
[292885, 13]
[292895, 52]
[292935, 97]
[293052, 15]
[293182, 22]
[293182, 52]
[293476, 106]
